<?xml version="1.0" encoding="utf-8"?>
<COLLADA xmlns="http://www.collada.org/2005/11/COLLADASchema" version="1.4.1">
  <asset>
    <contributor>
      <author>Mixamo</author>
      <authoring_tool>COLLADA Mixamo exporter</authoring_tool>
      <comments/>
    </contributor>
    <created>2022-06-23T11:32:41Z</created>
    <modified>2022-06-23T11:32:41Z</modified>
    <revision/>
    <title/>
    <unit meter="0.010000"/>
    <up_axis>Y_UP</up_axis>
  </asset>
  <library_animations>
    <animation id="mixamorig_Hips-anim" name="mixamorig_Hips">
      <source id="mixamorig_Hips-Matrix-animation-input">
        <float_array id="mixamorig_Hips-Matrix-animation-input-array" count="20">

0.000000 0.033333 0.066667 0.100000 0.133333 0.166667 0.200000 0.233333 0.266667 0.300000 0.333333 0.366667 0.400000 0.433333 0.466667 0.500000
0.533333 0.566667 0.600000 0.633333</float_array>
        <technique_common>
          <accessor source="#mixamorig_Hips-Matrix-animation-input-array" count="20">
            <param name="TIME" type="float"/>
          </accessor>
        </technique_common>
      </source>
      <source id="mixamorig_Hips-Matrix-animation-output-transform">
        <float_array id="mixamorig_Hips-Matrix-animation-output-transform-array" count="320">

0.992979 0.049298 -0.107531 0.433271 -0.063553 0.989015 -0.133453 92.001617 0.099771 0.139350 0.985204 0.816786 0.000000 0.000000 0.000000 1.000000
0.995999 0.021217 -0.086805 0.154270 -0.033519 0.989181 -0.142821 93.341324 0.082836 0.145159 0.985935 1.959189 0.000000 0.000000 0.000000 1.000000
0.997802 0.005616 -0.066022 -0.191683 -0.016858 0.985128 -0.170991 95.348656 0.064080 0.171728 0.983058 1.979649 0.000000 0.000000 0.000000 1.000000
0.998388 0.018411 -0.053690 -0.438556 -0.027723 0.983599 -0.178228 96.373680 0.049528 0.179429 0.982523 1.903749 0.000000 0.000000 0.000000 1.000000
0.999718 0.018298 -0.015137 -0.642814 -0.020330 0.988888 -0.147267 95.907066 0.012274 0.147533 0.988981 1.075060 0.000000 0.000000 0.000000 1.000000
0.998209 -0.003524 0.059726 -0.608387 0.010436 0.993216 -0.115813 93.986343 -0.058912 0.116229 0.991474 0.403303 0.000000 0.000000 0.000000 1.000000
0.991009 -0.039189 0.127928 -0.558009 0.054018 0.991944 -0.114584 92.296516 -0.122406 0.120464 0.985142 0.125651 0.000000 0.000000 0.000000 1.000000
0.984219 -0.085479 0.154942 -0.070221 0.107665 0.984141 -0.140976 91.141159 -0.140434 0.155433 0.977813 -2.694292 0.000000 0.000000 0.000000 1.000000
0.981763 -0.102472 0.160126 -0.005020 0.130339 0.975983 -0.174554 90.139015 -0.138394 0.192241 0.971540 -3.803979 0.000000 0.000000 0.000000 1.000000
0.985840 -0.062267 0.155701 0.215008 0.092898 0.975797 -0.197965 90.691872 -0.139606 0.209626 0.967764 -1.857203 0.000000 0.000000 0.000000 1.000000
0.987792 -0.023443 0.154007 0.692710 0.055567 0.976604 -0.207743 91.619415 -0.145533 0.213765 0.965984 1.613032 0.000000 0.000000 0.000000 1.000000
0.988314 -0.008092 0.152215 1.131431 0.040780 0.976226 -0.212884 94.045822 -0.146873 0.216603 0.965148 2.691044 0.000000 0.000000 0.000000 1.000000
0.989678 -0.012936 0.142725 1.073306 0.043525 0.976006 -0.213347 95.905075 -0.136541 0.217357 0.966495 3.041131 0.000000 0.000000 0.000000 1.000000
0.990702 -0.015705 0.135141 1.099784 0.042560 0.979238 -0.198197 96.833061 -0.129223 0.202106 0.970801 2.237622 0.000000 0.000000 0.000000 1.000000
0.992737 -0.020072 0.118619 1.114499 0.040447 0.984274 -0.171954 96.289917 -0.113302 0.175503 0.977937 2.215977 0.000000 0.000000 0.000000 1.000000
0.997141 -0.025608 0.071097 1.227659 0.036613 0.986746 -0.158087 94.731522 -0.066106 0.160238 0.984862 1.283653 0.000000 0.000000 0.000000 1.000000
0.999855 -0.008304 -0.014878 1.157693 0.005751 0.986432 -0.164070 93.423546 0.016039 0.163961 0.986336 1.179921 0.000000 0.000000 0.000000 1.000000
0.995685 0.025829 -0.089129 0.793614 -0.039919 0.986289 -0.160125 92.601372 0.083771 0.162992 0.983065 0.622673 0.000000 0.000000 0.000000 1.000000
0.991993 0.054625 -0.113872 0.621610 -0.070705 0.987289 -0.142340 91.923943 0.104650 0.149252 0.983246 -0.709108 0.000000 0.000000 0.000000 1.000000
0.992979 0.049298 -0.107531 0.433272 -0.063553 0.989015 -0.133453 92.001610 0.099771 0.139350 0.985204 0.816786 0.000000 0.000000 0.000000 1.000000</float_array>
        <technique_common>
          <accessor source="#mixamorig_Hips-Matrix-animation-output-transform-array" count="20" stride="16">
            <param type="float4x4"/>
          </accessor>
        </technique_common>
      </source>
      <source id="mixamorig_Hips-Interpolations">
        <Name_array id="mixamorig_Hips-Interpolations-array" count="20">
 LINEAR LINEAR LINEAR LINEAR LINEAR LINEAR LINEAR LINEAR LINEAR LINEAR LINEAR
LINEAR LINEAR LINEAR LINEAR LINEAR LINEAR LINEAR LINEAR LINEAR</Name_array>
        <technique_common>
          <accessor source="#mixamorig_Hips-Interpolations-array" count="20">
            <param type="name"/>
          </accessor>
        </technique_common>
      </source>
      <sampler id="mixamorig_Hips-Matrix-animation-transform">
        <input semantic="INPUT" source="#mixamorig_Hips-Matrix-animation-input"/>
        <input semantic="OUTPUT" source="#mixamorig_Hips-Matrix-animation-output-transform"/>
        <input semantic="INTERPOLATION" source="#mixamorig_Hips-Interpolations"/>
      </sampler>
      <channel source="#mixamorig_Hips-Matrix-animation-transform" target="mixamorig_Hips/matrix"/>
    </animation>
    <animation id="mixamorig_Spine-anim" name="mixamorig_Spine">
      <source id="mixamorig_Spine-Matrix-animation-input">
        <float_array id="mixamorig_Spine-Matrix-animation-input-array" count="20">

0.000000 0.033333 0.066667 0.100000 0.133333 0.166667 0.200000 0.233333 0.266667 0.300000 0.333333 0.366667 0.400000 0.433333 0.466667 0.500000
0.533333 0.566667 0.600000 0.633333</float_array>
        <technique_common>
          <accessor source="#mixamorig_Spine-Matrix-animation-input-array" count="20">
            <param name="TIME" type="float"/>
          </accessor>
        </technique_common>
      </source>
      <source id="mixamorig_Spine-Matrix-animation-output-transform">
        <float_array id="mixamorig_Spine-Matrix-animation-output-transform-array" count="320">

0.968253 -0.009418 0.249794 0.000000 0.067251 0.972260 -0.224025 9.923500 -0.240755 0.233712 0.942028 -1.227300 0.000000 0.000000 0.000000 1.000000
0.961983 0.021547 0.272258 0.000000 0.020959 0.988119 -0.152255 9.923500 -0.272304 0.152173 0.950102 -1.227300 0.000000 0.000000 0.000000 1.000000
0.958389 0.026136 0.284267 0.000000 -0.004953 0.997173 -0.074982 9.923500 -0.285423 0.070454 0.955808 -1.227300 0.000000 0.000000 0.000000 1.000000
0.957931 0.000300 0.286999 0.000000 0.014001 0.998760 -0.047777 9.923500 -0.286658 0.049785 0.956739 -1.227300 0.000000 0.000000 0.000000 1.000000
0.970736 0.012667 0.239814 0.000000 0.012437 0.994616 -0.102881 9.923500 -0.239826 0.102853 0.965352 -1.227300 0.000000 0.000000 0.000000 1.000000
0.988745 0.061800 0.136253 -0.000000 -0.036155 0.982406 -0.183224 9.923500 -0.145179 0.176235 0.973583 -1.227300 0.000000 0.000000 0.000000 1.000000
0.993829 0.110075 0.013728 0.000000 -0.103647 0.965555 -0.238663 9.923500 -0.039526 0.235767 0.971005 -1.227300 0.000000 0.000000 0.000000 1.000000
0.985206 0.147532 -0.087203 -0.000000 -0.165057 0.953756 -0.251210 9.923500 0.046109 0.261887 0.963997 -1.227300 0.000000 0.000000 0.000000 1.000000
0.972520 0.160288 -0.168856 0.000000 -0.193012 0.960650 -0.199743 9.923500 0.130195 0.226845 0.965189 -1.227300 0.000000 0.000000 0.000000 1.000000
0.963665 0.126631 -0.235189 0.000000 -0.152963 0.983435 -0.097250 9.923500 0.218979 0.129691 0.967072 -1.227300 0.000000 0.000000 0.000000 1.000000
0.953990 0.083295 -0.288037 0.000000 -0.086377 0.996260 0.002018 9.923500 0.287128 0.022955 0.957617 -1.227300 0.000000 0.000000 0.000000 1.000000
0.948753 0.055644 -0.311080 0.000000 -0.041259 0.997761 0.052640 9.923500 0.313313 -0.037108 0.948925 -1.227300 0.000000 0.000000 0.000000 1.000000
0.951211 0.055747 -0.303464 0.000000 -0.039941 0.997514 0.058052 9.923500 0.305946 -0.043099 0.951073 -1.227300 0.000000 0.000000 0.000000 1.000000
0.958236 0.055605 -0.280522 0.000000 -0.049692 0.998368 0.028153 9.923500 0.281630 -0.013037 0.959435 -1.227300 0.000000 0.000000 0.000000 1.000000
0.972252 0.043350 -0.229884 0.000000 -0.052893 0.997969 -0.035512 9.923500 0.227878 0.046686 0.972570 -1.227300 0.000000 0.000000 0.000000 1.000000
0.990684 0.021478 -0.134476 0.000000 -0.038551 0.991321 -0.125681 9.923500 0.130610 0.129694 0.982914 -1.227300 0.000000 0.000000 0.000000 1.000000
0.999974 -0.007105 -0.000924 0.000000 0.006748 0.977272 -0.211880 9.923500 0.002408 0.211868 0.977295 -1.227300 0.000000 0.000000 0.000000 1.000000
0.992562 -0.028725 0.118306 -0.000000 0.058786 0.964053 -0.259127 9.923500 -0.106609 0.264154 0.958570 -1.227300 0.000000 0.000000 0.000000 1.000000
0.979003 -0.033840 0.201017 0.000000 0.086738 0.961552 -0.260566 9.923500 -0.184471 0.272531 0.944297 -1.227300 0.000000 0.000000 0.000000 1.000000
0.968253 -0.009418 0.249794 0.000000 0.067252 0.972260 -0.224025 9.923500 -0.240755 0.233712 0.942028 -1.227300 0.000000 0.000000 0.000000 1.000000</float_array>
        <technique_common>
          <accessor source="#mixamorig_Spine-Matrix-animation-output-transform-array" count="20" stride="16">
            <param type="float4x4"/>
          </accessor>
        </technique_common>
      </source>
      <source id="mixamorig_Spine-Interpolations">
        <Name_array id="mixamorig_Spine-Interpolations-array" count="20">
 LINEAR LINEAR LINEAR LINEAR LINEAR LINEAR LINEAR LINEAR LINEAR LINEAR LINEAR
LINEAR LINEAR LINEAR LINEAR LINEAR LINEAR LINEAR LINEAR LINEAR</Name_array>
        <technique_common>
          <accessor source="#mixamorig_Spine-Interpolations-array" count="20">
            <param type="name"/>
          </accessor>
        </technique_common>
      </source>
      <sampler id="mixamorig_Spine-Matrix-animation-transform">
        <input semantic="INPUT" source="#mixamorig_Spine-Matrix-animation-input"/>
        <input semantic="OUTPUT" source="#mixamorig_Spine-Matrix-animation-output-transform"/>
        <input semantic="INTERPOLATION" source="#mixamorig_Spine-Interpolations"/>
      </sampler>
      <channel source="#mixamorig_Spine-Matrix-animation-transform" target="mixamorig_Spine/matrix"/>
    </animation>
    <animation id="mixamorig_Spine1-anim" name="mixamorig_Spine1">
      <source id="mixamorig_Spine1-Matrix-animation-input">
        <float_array id="mixamorig_Spine1-Matrix-animation-input-array" count="20">

0.000000 0.033333 0.066667 0.100000 0.133333 0.166667 0.200000 0.233333 0.266667 0.300000 0.333333 0.366667 0.400000 0.433333 0.466667 0.500000
0.533333 0.566667 0.600000 0.633333</float_array>
        <technique_common>
          <accessor source="#mixamorig_Spine1-Matrix-animation-input-array" count="20">
            <param name="TIME" type="float"/>
          </accessor>
        </technique_common>
      </source>
      <source id="mixamorig_Spine1-Matrix-animation-output-transform">
        <float_array id="mixamorig_Spine1-Matrix-animation-output-transform-array" count="320">

0.999243 -0.023499 0.031011 -0.000100 0.021621 0.997990 0.059566 11.645400 -0.032348 -0.058850 0.997743 -1.422300 0.000000 0.000000 0.000000 1.000000
0.999175 -0.020938 0.034810 -0.000100 0.019703 0.999177 0.035465 11.645400 -0.035524 -0.034750 0.998764 -1.422300 0.000000 0.000000 0.000000 1.000000
0.999249 -0.009783 0.037500 -0.000100 0.009432 0.999910 0.009519 11.645400 -0.037590 -0.009158 0.999251 -1.422300 0.000000 0.000000 0.000000 1.000000
0.999255 0.003117 0.038472 -0.000100 -0.003075 0.999995 -0.001151 11.645400 -0.038476 0.001032 0.999259 -1.422300 0.000000 0.000000 0.000000 1.000000
0.999478 -0.000892 0.032280 -0.000100 0.000780 0.999994 0.003508 11.645400 -0.032283 -0.003481 0.999473 -1.422300 0.000000 0.000000 0.000000 1.000000
0.999529 -0.025089 0.017676 -0.000100 0.024716 0.999473 0.021065 11.645400 -0.018195 -0.020618 0.999622 -1.422300 0.000000 0.000000 0.000000 1.000000
0.998625 -0.052416 0.001135 -0.000100 0.052297 0.997412 0.049346 11.645400 -0.003719 -0.049219 0.998781 -1.422300 0.000000 0.000000 0.000000 1.000000
0.997510 -0.069542 -0.011704 -0.000100 0.070124 0.995710 0.060369 11.645400 0.007456 -0.061040 0.998108 -1.422300 0.000000 0.000000 0.000000 1.000000
0.996741 -0.077602 -0.022023 -0.000100 0.078264 0.996452 0.030966 11.645400 0.019542 -0.032589 0.999278 -1.422300 0.000000 0.000000 0.000000 1.000000
0.996902 -0.072010 -0.031625 -0.000100 0.071724 0.997373 -0.010096 11.645400 0.032269 0.007797 0.999449 -1.422300 0.000000 0.000000 0.000000 1.000000
0.997688 -0.055681 -0.038977 -0.000100 0.054370 0.997945 -0.033911 11.645400 0.040785 0.031713 0.998665 -1.422300 0.000000 0.000000 0.000000 1.000000
0.998006 -0.047754 -0.041273 -0.000100 0.045921 0.997964 -0.044259 11.645400 0.043302 0.042275 0.998167 -1.422300 0.000000 0.000000 0.000000 1.000000
0.997777 -0.053824 -0.039295 -0.000100 0.051931 0.997510 -0.047714 11.645400 0.041765 0.045567 0.998088 -1.422300 0.000000 0.000000 0.000000 1.000000
0.997266 -0.064294 -0.036413 -0.000100 0.062720 0.997111 -0.042850 11.645400 0.039062 0.040449 0.998418 -1.422300 0.000000 0.000000 0.000000 1.000000
0.997285 -0.066722 -0.031153 -0.000100 0.065908 0.997475 -0.026454 11.645400 0.032840 0.024329 0.999164 -1.422300 0.000000 0.000000 0.000000 1.000000
0.998528 -0.050592 -0.019534 -0.000100 0.050572 0.998719 -0.001562 11.645400 0.019588 0.000571 0.999808 -1.422300 0.000000 0.000000 0.000000 1.000000
0.999602 -0.028047 -0.003074 -0.000100 0.028113 0.999320 0.023874 11.645400 0.002403 -0.023951 0.999710 -1.422300 0.000000 0.000000 0.000000 1.000000
0.999750 -0.018421 0.012657 -0.000100 0.017803 0.998721 0.047329 11.645400 -0.013512 -0.047092 0.998799 -1.422300 0.000000 0.000000 0.000000 1.000000
0.999506 -0.020339 0.023959 -0.000100 0.018771 0.997777 0.063940 11.645400 -0.025207 -0.063459 0.997666 -1.422300 0.000000 0.000000 0.000000 1.000000
0.999243 -0.023499 0.031011 -0.000100 0.021621 0.997990 0.059566 11.645400 -0.032348 -0.058850 0.997743 -1.422300 0.000000 0.000000 0.000000 1.000000</float_array>
        <technique_common>
          <accessor source="#mixamorig_Spine1-Matrix-animation-output-transform-array" count="20" stride="16">
            <param type="float4x4"/>
          </accessor>
        </technique_common>
      </source>
      <source id="mixamorig_Spine1-Interpolations">
        <Name_array id="mixamorig_Spine1-Interpolations-array" count="20">
 LINEAR LINEAR LINEAR LINEAR LINEAR LINEAR LINEAR LINEAR LINEAR LINEAR LINEAR
LINEAR LINEAR LINEAR LINEAR LINEAR LINEAR LINEAR LINEAR LINEAR</Name_array>
        <technique_common>
          <accessor source="#mixamorig_Spine1-Interpolations-array" count="20">
            <param type="name"/>
          </accessor>
        </technique_common>
      </source>
      <sampler id="mixamorig_Spine1-Matrix-animation-transform">
        <input semantic="INPUT" source="#mixamorig_Spine1-Matrix-animation-input"/>
        <input semantic="OUTPUT" source="#mixamorig_Spine1-Matrix-animation-output-transform"/>
        <input semantic="INTERPOLATION" source="#mixamorig_Spine1-Interpolations"/>
      </sampler>
      <channel source="#mixamorig_Spine1-Matrix-animation-transform" target="mixamorig_Spine1/matrix"/>
    </animation>
    <animation id="mixamorig_Spine2-anim" name="mixamorig_Spine2">
      <source id="mixamorig_Spine2-Matrix-animation-input">
        <float_array id="mixamorig_Spine2-Matrix-animation-input-array" count="20">

0.000000 0.033333 0.066667 0.100000 0.133333 0.166667 0.200000 0.233333 0.266667 0.300000 0.333333 0.366667 0.400000 0.433333 0.466667 0.500000
0.533333 0.566667 0.600000 0.633333</float_array>
        <technique_common>
          <accessor source="#mixamorig_Spine2-Matrix-animation-input-array" count="20">
            <param name="TIME" type="float"/>
          </accessor>
        </technique_common>
      </source>
      <source id="mixamorig_Spine2-Matrix-animation-output-transform">
        <float_array id="mixamorig_Spine2-Matrix-animation-output-transform-array" count="320">

0.999290 -0.021294 0.031079 0.000100 0.019439 0.998081 0.058792 13.360200 -0.032272 -0.058146 0.997786 -1.626500 0.000000 0.000000 0.000000 1.000000
0.999221 -0.018706 0.034738 0.000100 0.017455 0.999201 0.035959 13.360200 -0.035383 -0.035325 0.998749 -1.626500 0.000000 0.000000 0.000000 1.000000
0.999258 -0.008614 0.037537 0.000100 0.008214 0.999908 0.010815 13.360200 -0.037627 -0.010499 0.999237 -1.626500 0.000000 0.000000 0.000000 1.000000
0.999260 0.003009 0.038336 0.000100 -0.002961 0.999995 -0.001298 13.360200 -0.038340 0.001184 0.999264 -1.626500 0.000000 0.000000 0.000000 1.000000
0.999489 -0.001088 0.031947 0.000100 0.001007 0.999996 0.002529 13.360200 -0.031949 -0.002496 0.999486 -1.626500 0.000000 0.000000 0.000000 1.000000
0.999557 -0.023862 0.017789 0.000100 0.023460 0.999472 0.022467 13.360200 -0.018315 -0.022040 0.999589 -1.626500 0.000000 0.000000 0.000000 1.000000
0.998673 -0.051478 0.001280 0.000100 0.051347 0.997394 0.050674 13.360200 -0.003885 -0.050541 0.998714 -1.626500 0.000000 0.000000 0.000000 1.000000
0.997414 -0.070879 -0.011865 0.000100 0.071459 0.995695 0.059037 13.360200 0.007630 -0.059733 0.998185 -1.626500 0.000000 0.000000 0.000000 1.000000
0.996714 -0.078104 -0.021468 0.000100 0.078616 0.996613 0.024145 13.360200 0.019510 -0.025754 0.999478 -1.626500 0.000000 0.000000 0.000000 1.000000
0.997044 -0.070676 -0.030134 0.000100 0.069563 0.996909 -0.036512 13.360200 0.032621 0.034308 0.998879 -1.626500 0.000000 0.000000 0.000000 1.000000
0.997841 -0.053959 -0.037451 0.000100 0.050548 0.994950 -0.086710 13.360200 0.041940 0.084630 0.995529 -1.626500 0.000000 0.000000 0.000000 1.000000
0.998209 -0.044020 -0.040515 0.000100 0.039212 0.992860 -0.112652 13.360200 0.045184 0.110862 0.992808 -1.626500 0.000000 0.000000 0.000000 1.000000
0.998012 -0.049291 -0.039274 0.000100 0.044288 0.991857 -0.119405 13.360200 0.044840 0.117428 0.992069 -1.626500 0.000000 0.000000 0.000000 1.000000
0.997474 -0.061174 -0.036089 0.000100 0.056991 0.992587 -0.107343 13.360200 0.042388 0.105015 0.993567 -1.626500 0.000000 0.000000 0.000000 1.000000
0.997507 -0.063773 -0.030218 0.000100 0.061484 0.995549 -0.071426 13.360200 0.034638 0.069390 0.996988 -1.626500 0.000000 0.000000 0.000000 1.000000
0.998568 -0.050077 -0.018819 0.000100 0.049683 0.998548 -0.020833 13.360200 0.019835 0.019868 0.999606 -1.626500 0.000000 0.000000 0.000000 1.000000
0.999509 -0.031199 -0.002786 0.000100 0.031254 0.999255 0.022655 13.360200 0.002077 -0.022731 0.999739 -1.626500 0.000000 0.000000 0.000000 1.000000
0.999697 -0.020906 0.012988 0.000100 0.020235 0.998553 0.049828 13.360200 -0.014011 -0.049551 0.998673 -1.626500 0.000000 0.000000 0.000000 1.000000
0.999507 -0.019887 0.024299 0.000100 0.018306 0.997806 0.063618 13.360200 -0.025511 -0.063141 0.997678 -1.626500 0.000000 0.000000 0.000000 1.000000
0.999290 -0.021294 0.031079 0.000100 0.019439 0.998081 0.058792 13.360200 -0.032272 -0.058146 0.997786 -1.626500 0.000000 0.000000 0.000000 1.000000</float_array>
        <technique_common>
          <accessor source="#mixamorig_Spine2-Matrix-animation-output-transform-array" count="20" stride="16">
            <param type="float4x4"/>
          </accessor>
        </technique_common>
      </source>
      <source id="mixamorig_Spine2-Interpolations">
        <Name_array id="mixamorig_Spine2-Interpolations-array" count="20">
 LINEAR LINEAR LINEAR LINEAR LINEAR LINEAR LINEAR LINEAR LINEAR LINEAR LINEAR
LINEAR LINEAR LINEAR LINEAR LINEAR LINEAR LINEAR LINEAR LINEAR</Name_array>
        <technique_common>
          <accessor source="#mixamorig_Spine2-Interpolations-array" count="20">
            <param type="name"/>
          </accessor>
        </technique_common>
      </source>
      <sampler id="mixamorig_Spine2-Matrix-animation-transform">
        <input semantic="INPUT" source="#mixamorig_Spine2-Matrix-animation-input"/>
        <input semantic="OUTPUT" source="#mixamorig_Spine2-Matrix-animation-output-transform"/>
        <input semantic="INTERPOLATION" source="#mixamorig_Spine2-Interpolations"/>
      </sampler>
      <channel source="#mixamorig_Spine2-Matrix-animation-transform" target="mixamorig_Spine2/matrix"/>
    </animation>
    <animation id="mixamorig_Neck-anim" name="mixamorig_Neck">
      <source id="mixamorig_Neck-Matrix-animation-input">
        <float_array id="mixamorig_Neck-Matrix-animation-input-array" count="20">

0.000000 0.033333 0.066667 0.100000 0.133333 0.166667 0.200000 0.233333 0.266667 0.300000 0.333333 0.366667 0.400000 0.433333 0.466667 0.500000
0.533333 0.566667 0.600000 0.633333</float_array>
        <technique_common>
          <accessor source="#mixamorig_Neck-Matrix-animation-input-array" count="20">
            <param name="TIME" type="float"/>
          </accessor>
        </technique_common>
      </source>
      <source id="mixamorig_Neck-Matrix-animation-output-transform">
        <float_array id="mixamorig_Neck-Matrix-animation-output-transform-array" count="320">

0.997638 0.053298 -0.043326 0.000000 -0.056499 0.995476 -0.076387 15.032500 0.039059 0.078654 0.996136 0.792900 0.000000 0.000000 0.000000 1.000000
0.997311 0.049108 -0.054405 0.000000 -0.054384 0.993483 -0.100173 15.032500 0.049131 0.102862 0.993482 0.792900 0.000000 0.000000 0.000000 1.000000
0.997083 0.045154 -0.061533 0.000000 -0.050623 0.994615 -0.090430 15.032500 0.057118 0.093281 0.994000 0.792900 0.000000 0.000000 0.000000 1.000000
0.996757 0.048899 -0.063912 0.000000 -0.052870 0.996675 -0.062000 15.032500 0.060668 0.065178 0.996028 0.792900 0.000000 0.000000 0.000000 1.000000
0.995863 0.068002 -0.060279 0.000000 -0.070621 0.996600 -0.042446 15.032500 0.057188 0.046527 0.997279 0.792900 0.000000 0.000000 0.000000 1.000000
0.994636 0.089707 -0.051491 0.000000 -0.091971 0.994814 -0.043422 15.032500 0.047329 0.047925 0.997729 0.792900 0.000000 0.000000 0.000000 1.000000
0.994640 0.095922 -0.038607 -0.000000 -0.097871 0.993827 -0.052241 15.032500 0.033358 0.055739 0.997888 0.792900 0.000000 0.000000 0.000000 1.000000
0.996559 0.079799 -0.022407 0.000000 -0.080795 0.995585 -0.047784 15.032500 0.018495 0.049430 0.998606 0.792900 0.000000 0.000000 0.000000 1.000000
0.998655 0.051652 -0.004504 0.000000 -0.051756 0.998294 -0.027033 15.032500 0.003100 0.027230 0.999624 0.792900 0.000000 0.000000 0.000000 1.000000
0.999509 0.028960 0.011937 0.000000 -0.028894 0.999566 -0.005667 15.032500 -0.012096 0.005319 0.999913 0.792900 0.000000 0.000000 0.000000 1.000000
0.999507 0.020664 0.023652 -0.000000 -0.020779 0.999773 0.004617 15.032500 -0.023551 -0.005106 0.999710 0.792900 0.000000 0.000000 0.000000 1.000000
0.999336 0.021562 0.029367 0.000000 -0.021808 0.999729 0.008093 15.032500 -0.029184 -0.008728 0.999536 0.792900 0.000000 0.000000 0.000000 1.000000
0.999316 0.021724 0.029918 0.000000 -0.022144 0.999660 0.013776 15.032500 -0.029608 -0.014429 0.999457 0.792900 0.000000 0.000000 0.000000 1.000000
0.999471 0.018756 0.026575 0.000000 -0.019365 0.999551 0.022874 15.032500 -0.026134 -0.023376 0.999385 0.792900 0.000000 0.000000 0.000000 1.000000
0.999633 0.018272 0.019987 0.000000 -0.018884 0.999346 0.030853 15.032500 -0.019410 -0.031219 0.999324 0.792900 0.000000 0.000000 0.000000 1.000000
0.999631 0.025008 0.010565 0.000000 -0.025352 0.999107 0.033806 15.032500 -0.009710 -0.034061 0.999373 0.792900 0.000000 0.000000 0.000000 1.000000
0.999300 0.037395 -0.001129 0.000000 -0.037349 0.998912 0.027921 15.032500 0.002172 -0.027860 0.999609 0.792900 0.000000 0.000000 0.000000 1.000000
0.998672 0.049430 -0.014514 -0.000000 -0.049315 0.998750 0.008158 15.032500 0.014899 -0.007432 0.999861 0.792900 0.000000 0.000000 0.000000 1.000000
0.998074 0.054768 -0.029129 0.000000 -0.055647 0.997992 -0.030258 15.032500 0.027414 0.031820 0.999118 0.792900 0.000000 0.000000 0.000000 1.000000
0.997638 0.053298 -0.043326 -0.000000 -0.056499 0.995476 -0.076387 15.032500 0.039059 0.078654 0.996136 0.792900 0.000000 0.000000 0.000000 1.000000</float_array>
        <technique_common>
          <accessor source="#mixamorig_Neck-Matrix-animation-output-transform-array" count="20" stride="16">
            <param type="float4x4"/>
          </accessor>
        </technique_common>
      </source>
      <source id="mixamorig_Neck-Interpolations">
        <Name_array id="mixamorig_Neck-Interpolations-array" count="20">
 LINEAR LINEAR LINEAR LINEAR LINEAR LINEAR LINEAR LINEAR LINEAR LINEAR LINEAR
LINEAR LINEAR LINEAR LINEAR LINEAR LINEAR LINEAR LINEAR LINEAR</Name_array>
        <technique_common>
          <accessor source="#mixamorig_Neck-Interpolations-array" count="20">
            <param type="name"/>
          </accessor>
        </technique_common>
      </source>
      <sampler id="mixamorig_Neck-Matrix-animation-transform">
        <input semantic="INPUT" source="#mixamorig_Neck-Matrix-animation-input"/>
        <input semantic="OUTPUT" source="#mixamorig_Neck-Matrix-animation-output-transform"/>
        <input semantic="INTERPOLATION" source="#mixamorig_Neck-Interpolations"/>
      </sampler>
      <channel source="#mixamorig_Neck-Matrix-animation-transform" target="mixamorig_Neck/matrix"/>
    </animation>
    <animation id="mixamorig_Head-anim" name="mixamorig_Head">
      <source id="mixamorig_Head-Matrix-animation-input">
        <float_array id="mixamorig_Head-Matrix-animation-input-array" count="20">

0.000000 0.033333 0.066667 0.100000 0.133333 0.166667 0.200000 0.233333 0.266667 0.300000 0.333333 0.366667 0.400000 0.433333 0.466667 0.500000
0.533333 0.566667 0.600000 0.633333</float_array>
        <technique_common>
          <accessor source="#mixamorig_Head-Matrix-animation-input-array" count="20">
            <param name="TIME" type="float"/>
          </accessor>
        </technique_common>
      </source>
      <source id="mixamorig_Head-Matrix-animation-output-transform">
        <float_array id="mixamorig_Head-Matrix-animation-output-transform-array" count="320">

0.993232 0.004900 -0.116040 -0.000000 0.034669 0.941052 0.336481 10.321800 0.110848 -0.338227 0.934513 3.142400 0.000000 0.000000 0.000000 1.000000
0.984829 0.005854 -0.173431 -0.000000 0.047660 0.951873 0.302764 10.321800 0.166857 -0.306436 0.937153 3.142400 0.000000 0.000000 0.000000 1.000000
0.977517 0.008230 -0.210696 0.000000 0.051257 0.959990 0.275302 10.321800 0.204531 -0.279912 0.937985 3.142400 0.000000 0.000000 0.000000 1.000000
0.974699 0.004843 -0.223471 0.000000 0.057343 0.960889 0.270932 10.321800 0.216043 -0.276892 0.936299 3.142400 0.000000 0.000000 0.000000 1.000000
0.977395 -0.002644 -0.211406 0.000000 0.064650 0.955764 0.286941 10.321800 0.201295 -0.294122 0.934330 3.142400 0.000000 0.000000 0.000000 1.000000
0.983545 -0.010657 -0.180348 0.000000 0.069123 0.944499 0.321160 10.321800 0.166916 -0.328342 0.929694 3.142400 0.000000 0.000000 0.000000 1.000000
0.990516 -0.018776 -0.136111 0.000000 0.067429 0.929555 0.362466 10.321800 0.119717 -0.368206 0.922004 3.142400 0.000000 0.000000 0.000000 1.000000
0.997018 -0.021193 -0.074200 0.000000 0.048622 0.919199 0.390781 10.321800 0.059923 -0.393223 0.917488 3.142400 0.000000 0.000000 0.000000 1.000000
0.999854 -0.014093 0.009654 0.000000 0.009249 0.921757 0.387658 10.321800 -0.014362 -0.387512 0.921753 3.142400 0.000000 0.000000 0.000000 1.000000
0.995111 -0.002489 0.098733 0.000000 -0.032423 0.936046 0.350381 10.321800 -0.093291 -0.351869 0.931389 3.142400 0.000000 0.000000 0.000000 1.000000
0.986898 0.006315 0.161220 0.000000 -0.054803 0.952945 0.298147 10.321800 -0.151751 -0.303076 0.940806 3.142400 0.000000 0.000000 0.000000 1.000000
0.982845 0.011978 0.184042 0.000000 -0.060791 0.963162 0.261959 10.321800 -0.174124 -0.268653 0.947368 3.142400 0.000000 0.000000 0.000000 1.000000
0.983236 0.021030 0.181120 -0.000000 -0.068906 0.962521 0.262309 10.321800 -0.168815 -0.270392 0.947834 3.142400 0.000000 0.000000 0.000000 1.000000
0.985799 0.034980 0.164246 -0.000000 -0.082288 0.953215 0.290879 10.321800 -0.146387 -0.300263 0.942557 3.142400 0.000000 0.000000 0.000000 1.000000
0.990290 0.045710 0.131290 -0.000000 -0.085803 0.944024 0.318522 10.321800 -0.109381 -0.326694 0.938779 3.142400 0.000000 0.000000 0.000000 1.000000
0.995242 0.047105 0.085285 0.000000 -0.072656 0.942037 0.327547 10.321800 -0.064913 -0.332185 0.940978 3.142400 0.000000 0.000000 0.000000 1.000000
0.998437 0.039398 0.039638 -0.000000 -0.050259 0.943151 0.328543 10.321800 -0.024441 -0.330021 0.943657 3.142400 0.000000 0.000000 0.000000 1.000000
0.999691 0.024814 -0.001696 0.000000 -0.022785 0.941004 0.337629 10.321800 0.009974 -0.337486 0.941278 3.142400 0.000000 0.000000 0.000000 1.000000
0.998552 0.010984 -0.052669 0.000000 0.008140 0.936828 0.349696 10.321800 0.053183 -0.349618 0.935382 3.142400 0.000000 0.000000 0.000000 1.000000
0.993232 0.004900 -0.116040 -0.000000 0.034669 0.941052 0.336481 10.321800 0.110848 -0.338227 0.934513 3.142400 0.000000 0.000000 0.000000 1.000000</float_array>
        <technique_common>
          <accessor source="#mixamorig_Head-Matrix-animation-output-transform-array" count="20" stride="16">
            <param type="float4x4"/>
          </accessor>
        </technique_common>
      </source>
      <source id="mixamorig_Head-Interpolations">
        <Name_array id="mixamorig_Head-Interpolations-array" count="20">
 LINEAR LINEAR LINEAR LINEAR LINEAR LINEAR LINEAR LINEAR LINEAR LINEAR LINEAR
LINEAR LINEAR LINEAR LINEAR LINEAR LINEAR LINEAR LINEAR LINEAR</Name_array>
        <technique_common>
          <accessor source="#mixamorig_Head-Interpolations-array" count="20">
            <param type="name"/>
          </accessor>
        </technique_common>
      </source>
      <sampler id="mixamorig_Head-Matrix-animation-transform">
        <input semantic="INPUT" source="#mixamorig_Head-Matrix-animation-input"/>
        <input semantic="OUTPUT" source="#mixamorig_Head-Matrix-animation-output-transform"/>
        <input semantic="INTERPOLATION" source="#mixamorig_Head-Interpolations"/>
      </sampler>
      <channel source="#mixamorig_Head-Matrix-animation-transform" target="mixamorig_Head/matrix"/>
    </animation>
    <animation id="mixamorig_LeftShoulder-anim" name="mixamorig_LeftShoulder">
      <source id="mixamorig_LeftShoulder-Matrix-animation-input">
        <float_array id="mixamorig_LeftShoulder-Matrix-animation-input-array" count="20">

0.000000 0.033333 0.066667 0.100000 0.133333 0.166667 0.200000 0.233333 0.266667 0.300000 0.333333 0.366667 0.400000 0.433333 0.466667 0.500000
0.533333 0.566667 0.600000 0.633333</float_array>
        <technique_common>
          <accessor source="#mixamorig_LeftShoulder-Matrix-animation-input-array" count="20">
            <param name="TIME" type="float"/>
          </accessor>
        </technique_common>
      </source>
      <source id="mixamorig_LeftShoulder-Matrix-animation-output-transform">
        <float_array id="mixamorig_LeftShoulder-Matrix-animation-output-transform-array" count="320">

0.986841 0.070408 -0.145563 6.105800 -0.077770 0.995932 -0.045513 9.110400 0.141766 0.056234 0.988302 0.705600 0.000000 0.000000 0.000000 1.000000
0.988534 0.053801 -0.141087 6.105800 -0.060559 0.997192 -0.044048 9.110400 0.138321 0.052087 0.989017 0.705600 0.000000 0.000000 0.000000 1.000000
0.989275 0.044044 -0.139270 6.105800 -0.050529 0.997780 -0.043376 9.110400 0.137050 0.049947 0.989304 0.705600 0.000000 0.000000 0.000000 1.000000
0.986466 0.065706 -0.150227 6.105800 -0.073430 0.996218 -0.046457 9.110400 0.146606 0.056859 0.987559 0.705600 0.000000 0.000000 0.000000 1.000000
0.977953 0.115576 -0.173926 6.105800 -0.126447 0.990570 -0.052742 9.110400 0.166190 0.073571 0.983345 0.705600 0.000000 0.000000 0.000000 1.000000
0.967593 0.154648 -0.199618 6.105800 -0.169414 0.983775 -0.059042 9.110400 0.187249 0.090947 0.978093 0.705600 0.000000 0.000000 0.000000 1.000000
0.962211 0.169106 -0.213432 6.105800 -0.186140 0.980548 -0.062267 9.110400 0.198751 0.099643 0.974972 0.705600 0.000000 0.000000 0.000000 1.000000
0.970845 0.151558 -0.185716 6.105800 -0.164557 0.984742 -0.056613 9.110400 0.174302 0.085523 0.980971 0.705600 0.000000 0.000000 0.000000 1.000000
0.985913 0.110279 -0.125756 6.105800 -0.116480 0.992259 -0.043055 9.110400 0.120035 0.057096 0.991126 0.705600 0.000000 0.000000 0.000000 1.000000
0.995891 0.057969 -0.069571 6.105800 -0.060157 0.997745 -0.029766 9.110400 0.067688 0.033829 0.997133 0.705600 0.000000 0.000000 0.000000 1.000000
0.999256 0.023105 -0.030879 6.105800 -0.023737 0.999513 -0.020248 9.110400 0.030396 0.020966 0.999318 0.705600 0.000000 0.000000 0.000000 1.000000
0.999456 0.023372 -0.023270 6.105800 -0.023808 0.999542 -0.018674 9.110400 0.022823 0.019217 0.999555 0.705600 0.000000 0.000000 0.000000 1.000000
0.998402 0.036150 -0.043425 6.105800 -0.037192 0.999033 -0.023441 9.110400 0.042535 0.025019 0.998782 0.705600 0.000000 0.000000 0.000000 1.000000
0.995785 0.053844 -0.074248 6.105800 -0.056253 0.997943 -0.030743 9.110400 0.072440 0.034790 0.996766 0.705600 0.000000 0.000000 0.000000 1.000000
0.991910 0.075161 -0.102304 6.105800 -0.079303 0.996162 -0.037035 9.110400 0.099128 0.044848 0.994064 0.705600 0.000000 0.000000 0.000000 1.000000
0.987924 0.090818 -0.125536 6.105800 -0.096772 0.994413 -0.042166 9.110400 0.121005 0.053805 0.991193 0.705600 0.000000 0.000000 0.000000 1.000000
0.982275 0.107738 -0.153391 6.105800 -0.116411 0.992006 -0.048709 9.110400 0.146917 0.065702 0.986964 0.705600 0.000000 0.000000 0.000000 1.000000
0.979247 0.114029 -0.167551 6.105800 -0.124251 0.990897 -0.051813 9.110400 0.160117 0.071556 0.984501 0.705600 0.000000 0.000000 0.000000 1.000000
0.983700 0.091596 -0.154738 6.105800 -0.100153 0.993793 -0.048422 9.110400 0.149343 0.063131 0.986768 0.705600 0.000000 0.000000 0.000000 1.000000
0.986841 0.070408 -0.145563 6.105800 -0.077770 0.995932 -0.045513 9.110400 0.141766 0.056234 0.988302 0.705600 0.000000 0.000000 0.000000 1.000000</float_array>
        <technique_common>
          <accessor source="#mixamorig_LeftShoulder-Matrix-animation-output-transform-array" count="20" stride="16">
            <param type="float4x4"/>
          </accessor>
        </technique_common>
      </source>
      <source id="mixamorig_LeftShoulder-Interpolations">
        <Name_array id="mixamorig_LeftShoulder-Interpolations-array" count="20">
 LINEAR LINEAR LINEAR LINEAR LINEAR LINEAR LINEAR LINEAR LINEAR LINEAR LINEAR
LINEAR LINEAR LINEAR LINEAR LINEAR LINEAR LINEAR LINEAR LINEAR</Name_array>
        <technique_common>
          <accessor source="#mixamorig_LeftShoulder-Interpolations-array" count="20">
            <param type="name"/>
          </accessor>
        </technique_common>
      </source>
      <sampler id="mixamorig_LeftShoulder-Matrix-animation-transform">
        <input semantic="INPUT" source="#mixamorig_LeftShoulder-Matrix-animation-input"/>
        <input semantic="OUTPUT" source="#mixamorig_LeftShoulder-Matrix-animation-output-transform"/>
        <input semantic="INTERPOLATION" source="#mixamorig_LeftShoulder-Interpolations"/>
      </sampler>
      <channel source="#mixamorig_LeftShoulder-Matrix-animation-transform" target="mixamorig_LeftShoulder/matrix"/>
    </animation>
    <animation id="mixamorig_LeftArm-anim" name="mixamorig_LeftArm">
      <source id="mixamorig_LeftArm-Matrix-animation-input">
        <float_array id="mixamorig_LeftArm-Matrix-animation-input-array" count="20">

0.000000 0.033333 0.066667 0.100000 0.133333 0.166667 0.200000 0.233333 0.266667 0.300000 0.333333 0.366667 0.400000 0.433333 0.466667 0.500000
0.533333 0.566667 0.600000 0.633333</float_array>
        <technique_common>
          <accessor source="#mixamorig_LeftArm-Matrix-animation-input-array" count="20">
            <param name="TIME" type="float"/>
          </accessor>
        </technique_common>
      </source>
      <source id="mixamorig_LeftArm-Matrix-animation-output-transform">
        <float_array id="mixamorig_LeftArm-Matrix-animation-output-transform-array" count="320">

0.430048 0.900494 0.064566 12.655000 -0.403061 0.255499 -0.878784 -0.265900 -0.807837 0.351895 0.472831 -2.600900 0.000000 0.000000 0.000000 1.000000
0.431778 0.890896 0.140969 12.655000 -0.271002 0.277202 -0.921801 -0.265900 -0.860305 0.359811 0.361125 -2.600900 0.000000 0.000000 0.000000 1.000000
0.404359 0.895706 0.184944 12.655000 -0.267602 0.309231 -0.912560 -0.265900 -0.874576 0.319510 0.364733 -2.600900 0.000000 0.000000 0.000000 1.000000
0.373859 0.904590 0.204810 12.655000 -0.383999 0.351973 -0.853616 -0.265900 -0.844259 0.240485 0.478950 -2.600900 0.000000 0.000000 0.000000 1.000000
0.355723 0.911174 0.207903 12.655000 -0.545556 0.383065 -0.745406 -0.265900 -0.758835 0.151735 0.633361 -2.600900 0.000000 0.000000 0.000000 1.000000
0.368909 0.913769 0.170094 12.655000 -0.687476 0.391414 -0.611696 -0.265900 -0.625526 0.108725 0.772590 -2.600900 0.000000 0.000000 0.000000 1.000000
0.428370 0.899981 0.080829 12.655000 -0.801394 0.419718 -0.426151 -0.265900 -0.417453 0.117774 0.901034 -2.600900 0.000000 0.000000 0.000000 1.000000
0.484116 0.873348 -0.053794 12.655000 -0.871445 0.475697 -0.119566 -0.265900 -0.078833 0.104762 0.991368 -2.600900 0.000000 0.000000 0.000000 1.000000
0.485902 0.859078 -0.160888 12.655000 -0.817446 0.511836 0.264208 -0.265900 0.309323 0.003138 0.950952 -2.600900 0.000000 0.000000 0.000000 1.000000
0.504997 0.840698 -0.195457 12.655000 -0.659320 0.521880 0.541238 -0.265900 0.557023 -0.144455 0.817838 -2.600900 0.000000 0.000000 0.000000 1.000000
0.561447 0.795238 -0.228854 12.655000 -0.524772 0.555994 0.644581 -0.265900 0.639837 -0.241802 0.729480 -2.600900 0.000000 0.000000 0.000000 1.000000
0.599537 0.745765 -0.290500 12.655000 -0.475325 0.623803 0.620432 -0.265900 0.643911 -0.233890 0.728474 -2.600900 0.000000 0.000000 0.000000 1.000000
0.596322 0.732943 -0.327407 12.655000 -0.559774 0.672006 0.484830 -0.265900 0.575372 -0.105841 0.811015 -2.600900 0.000000 0.000000 0.000000 1.000000
0.554769 0.774762 -0.303275 12.655000 -0.742405 0.625516 0.239925 -0.265900 0.375588 0.092050 0.922204 -2.600900 0.000000 0.000000 0.000000 1.000000
0.484992 0.837410 -0.252047 12.655000 -0.870620 0.489527 -0.048836 -0.265900 0.082488 0.243122 0.966482 -2.600900 0.000000 0.000000 0.000000 1.000000
0.430874 0.885188 -0.175469 12.655000 -0.882198 0.372258 -0.288357 -0.265900 -0.189930 0.279044 0.941308 -2.600900 0.000000 0.000000 0.000000 1.000000
0.395274 0.915769 -0.071596 12.655000 -0.827419 0.321120 -0.460717 -0.265900 -0.398920 0.241349 0.884654 -2.600900 0.000000 0.000000 0.000000 1.000000
0.369326 0.929253 -0.009314 12.655000 -0.740592 0.288260 -0.606984 -0.265900 -0.561357 0.231073 0.794659 -2.600900 0.000000 0.000000 0.000000 1.000000
0.391063 0.920349 0.005258 12.655000 -0.594436 0.256933 -0.761991 -0.265900 -0.702649 0.294861 0.647566 -2.600900 0.000000 0.000000 0.000000 1.000000
0.430048 0.900494 0.064566 12.655000 -0.403061 0.255499 -0.878784 -0.265900 -0.807837 0.351895 0.472831 -2.600900 0.000000 0.000000 0.000000 1.000000</float_array>
        <technique_common>
          <accessor source="#mixamorig_LeftArm-Matrix-animation-output-transform-array" count="20" stride="16">
            <param type="float4x4"/>
          </accessor>
        </technique_common>
      </source>
      <source id="mixamorig_LeftArm-Interpolations">
        <Name_array id="mixamorig_LeftArm-Interpolations-array" count="20">
 LINEAR LINEAR LINEAR LINEAR LINEAR LINEAR LINEAR LINEAR LINEAR LINEAR LINEAR
LINEAR LINEAR LINEAR LINEAR LINEAR LINEAR LINEAR LINEAR LINEAR</Name_array>
        <technique_common>
          <accessor source="#mixamorig_LeftArm-Interpolations-array" count="20">
            <param type="name"/>
          </accessor>
        </technique_common>
      </source>
      <sampler id="mixamorig_LeftArm-Matrix-animation-transform">
