<?xml version="1.0" encoding="utf-8"?>
<COLLADA xmlns="http://www.collada.org/2005/11/COLLADASchema" version="1.4.1">
  <asset>
    <contributor>
      <author>Mixamo</author>
      <authoring_tool>COLLADA Mixamo exporter</authoring_tool>
      <comments/>
    </contributor>
    <created>2022-06-23T11:32:03Z</created>
    <modified>2022-06-23T11:32:03Z</modified>
    <revision/>
    <title/>
    <unit meter="0.010000"/>
    <up_axis>Y_UP</up_axis>
  </asset>
  <library_animations>
    <animation id="mixamorig_Hips-anim" name="mixamorig_Hips">
      <source id="mixamorig_Hips-Matrix-animation-input">
        <float_array id="mixamorig_Hips-Matrix-animation-input-array" count="101">

0.000000 0.033333 0.066667 0.100000 0.133333 0.166667 0.200000 0.233333 0.266667 0.300000 0.333333 0.366667 0.400000 0.433333 0.466667 0.500000
0.533333 0.566667 0.600000 0.633333 0.666667 0.700000 0.733333 0.766667 0.800000 0.833333 0.866667 0.900000 0.933333 0.966667 1.000000 1.033333
1.066667 1.100000 1.133333 1.166667 1.200000 1.233333 1.266667 1.300000 1.333333 1.366667 1.400000 1.433333 1.466667 1.500000 1.533333 1.566667
1.600000 1.633333 1.666667 1.700000 1.733333 1.766667 1.800000 1.833333 1.866667 1.900000 1.933333 1.966667 2.000000 2.033333 2.066667 2.100000
2.133333 2.166667 2.200000 2.233333 2.266667 2.300000 2.333333 2.366667 2.400000 2.433333 2.466667 2.500000 2.533333 2.566667 2.600000 2.633333
2.666667 2.700000 2.733333 2.766667 2.800000 2.833333 2.866667 2.900000 2.933333 2.966667 3.000000 3.033333 3.066667 3.100000 3.133333 3.166667
3.200000 3.233333 3.266667 3.300000 3.333333</float_array>
        <technique_common>
          <accessor source="#mixamorig_Hips-Matrix-animation-input-array" count="101">
            <param name="TIME" type="float"/>
          </accessor>
        </technique_common>
      </source>
      <source id="mixamorig_Hips-Matrix-animation-output-transform">
        <float_array id="mixamorig_Hips-Matrix-animation-output-transform-array" count="1616">

0.992760 -0.052391 0.108084 -0.348123 0.049860 0.998418 0.025987 93.829498 -0.109275 -0.020410 0.993802 -0.416315 0.000000 0.000000 0.000000 1.000000
0.992740 -0.052231 0.108350 -0.226887 0.049699 0.998427 0.025942 93.753220 -0.109534 -0.020368 0.993774 -0.677104 0.000000 0.000000 0.000000 1.000000
0.992671 -0.052295 0.108945 -0.144712 0.049710 0.998417 0.026314 93.683205 -0.110148 -0.020706 0.993699 -0.980413 0.000000 0.000000 0.000000 1.000000
0.992872 -0.052456 0.107018 -0.063264 0.049903 0.998405 0.026395 93.615578 -0.108232 -0.020866 0.993907 -1.327570 0.000000 0.000000 0.000000 1.000000
0.993547 -0.052794 0.100386 0.054834 0.050463 0.998397 0.025625 93.546318 -0.101578 -0.020394 0.994618 -1.722878 0.000000 0.000000 0.000000 1.000000
0.994383 -0.054495 0.090730 0.239711 0.052490 0.998325 0.024341 93.470428 -0.091904 -0.019442 0.995578 -2.172622 0.000000 0.000000 0.000000 1.000000
0.995245 -0.059013 0.077493 0.520774 0.057385 0.998085 0.023081 93.383255 -0.078707 -0.018524 0.996726 -2.677193 0.000000 0.000000 0.000000 1.000000
0.996039 -0.068458 0.056743 0.919002 0.067249 0.997472 0.022943 93.248573 -0.058171 -0.019036 0.998125 -3.291478 0.000000 0.000000 0.000000 1.000000
0.996330 -0.082445 0.022996 1.339717 0.081848 0.996310 0.025818 92.984184 -0.025039 -0.023841 0.999402 -4.112144 0.000000 0.000000 0.000000 1.000000
0.994713 -0.099847 -0.024007 1.700927 0.100607 0.994383 0.032870 92.580505 0.020590 -0.035111 0.999171 -5.115377 0.000000 0.000000 0.000000 1.000000
0.989560 -0.119008 -0.081285 1.935628 0.123105 0.991261 0.047393 92.043365 0.074935 -0.056905 0.995563 -6.270749 0.000000 0.000000 0.000000 1.000000
0.982416 -0.136539 -0.127342 1.980416 0.146547 0.986520 0.072810 91.384308 0.115684 -0.090191 0.989183 -7.541670 0.000000 0.000000 0.000000 1.000000
0.978838 -0.150272 -0.138903 1.752625 0.166370 0.979613 0.112602 90.606415 0.119150 -0.133329 0.983884 -8.881008 0.000000 0.000000 0.000000 1.000000
0.980040 -0.160920 -0.116734 1.226944 0.178446 0.970894 0.159754 89.804405 0.087628 -0.177396 0.980231 -10.166960 0.000000 0.000000 0.000000 1.000000
0.982136 -0.171291 -0.077897 0.743932 0.183795 0.962002 0.201918 89.285515 0.040350 -0.212628 0.976300 -11.315852 0.000000 0.000000 0.000000 1.000000
0.982543 -0.183395 -0.031225 0.324820 0.185576 0.954461 0.233593 88.773071 -0.013037 -0.235310 0.971833 -12.709683 0.000000 0.000000 0.000000 1.000000
0.980361 -0.195281 0.027521 -0.091488 0.182122 0.950030 0.253526 87.830582 -0.075654 -0.243535 0.966937 -14.843284 0.000000 0.000000 0.000000 1.000000
0.972785 -0.193554 0.127383 -0.437205 0.152201 0.948281 0.278565 85.978241 -0.174712 -0.251596 0.951932 -18.072506 0.000000 0.000000 0.000000 1.000000
0.951505 -0.172664 0.254608 -0.808310 0.084491 0.942483 0.323399 83.571640 -0.295803 -0.286203 0.911366 -21.895779 0.000000 0.000000 0.000000 1.000000
0.921699 -0.154765 0.355695 -1.462931 0.009120 0.925354 0.378996 81.012634 -0.387799 -0.346076 0.854309 -25.783047 0.000000 0.000000 0.000000 1.000000
0.893887 -0.159006 0.419145 -2.732849 -0.042309 0.900887 0.431987 78.803818 -0.446291 -0.403882 0.798564 -29.777601 0.000000 0.000000 0.000000 1.000000
0.856934 -0.177119 0.484038 -4.738054 -0.076006 0.885413 0.458550 78.305244 -0.509792 -0.429736 0.745278 -34.374554 0.000000 0.000000 0.000000 1.000000
0.816835 -0.182342 0.547296 -6.683849 -0.113924 0.879056 0.462906 79.900635 -0.565511 -0.440468 0.697270 -38.598351 0.000000 0.000000 0.000000 1.000000
0.790667 -0.157060 0.591758 -7.805191 -0.159388 0.880406 0.446634 82.844566 -0.591135 -0.447458 0.671075 -42.320339 0.000000 0.000000 0.000000 1.000000
0.786206 -0.116972 0.606793 -8.338522 -0.191242 0.887663 0.418903 85.636383 -0.587628 -0.445389 0.675516 -46.142937 0.000000 0.000000 0.000000 1.000000
0.809940 -0.077104 0.581422 -8.507112 -0.203747 0.892595 0.402196 87.279617 -0.549986 -0.444218 0.707239 -50.891224 0.000000 0.000000 0.000000 1.000000
0.852743 -0.056046 0.519315 -8.481903 -0.190077 0.892763 0.408466 87.015259 -0.486518 -0.447027 0.750645 -56.973087 0.000000 0.000000 0.000000 1.000000
0.888134 -0.035754 0.458192 -8.255301 -0.175487 0.895046 0.409996 85.634827 -0.424762 -0.444538 0.788646 -63.376831 0.000000 0.000000 0.000000 1.000000
0.902700 -0.003581 0.430256 -7.757549 -0.178433 0.906812 0.381909 83.301735 -0.391529 -0.421521 0.817940 -69.450447 0.000000 0.000000 0.000000 1.000000
0.903729 0.043853 0.425854 -6.941299 -0.199779 0.922985 0.328917 79.572571 -0.378633 -0.382329 0.842889 -75.429535 0.000000 0.000000 0.000000 1.000000
0.901983 0.099381 0.420180 -6.240376 -0.231474 0.932788 0.276273 74.819847 -0.364482 -0.346454 0.864363 -82.371666 0.000000 0.000000 0.000000 1.000000
0.877214 0.148205 0.456651 -5.991646 -0.278526 0.931833 0.232618 69.529526 -0.391048 -0.331245 0.858696 -89.193542 0.000000 0.000000 0.000000 1.000000
0.821712 0.200245 0.533565 -6.445107 -0.345628 0.919511 0.187191 63.993275 -0.453135 -0.338232 0.824784 -95.158730 0.000000 0.000000 0.000000 1.000000
0.761217 0.250395 0.598207 -6.840272 -0.409609 0.900796 0.144176 58.748123 -0.502762 -0.354780 0.788265 -101.092705 0.000000 0.000000 0.000000 1.000000
0.735753 0.292062 0.611039 -6.916040 -0.449588 0.885386 0.118157 54.024185 -0.506496 -0.361650 0.782733 -107.402725 0.000000 0.000000 0.000000 1.000000
0.757554 0.325687 0.565720 -6.481728 -0.458024 0.882697 0.105167 49.632454 -0.465108 -0.338783 0.817863 -113.856270 0.000000 0.000000 0.000000 1.000000
0.798174 0.335717 0.500212 -5.731866 -0.442347 0.890277 0.108331 44.652351 -0.408959 -0.307734 0.859100 -120.355392 0.000000 0.000000 0.000000 1.000000
0.829057 0.307731 0.466869 -4.734893 -0.424047 0.890257 0.166213 38.923180 -0.364485 -0.335774 0.868566 -127.693298 0.000000 0.000000 0.000000 1.000000
0.839532 0.246148 0.484352 -3.625074 -0.425747 0.851879 0.305026 32.732433 -0.337528 -0.462291 0.819977 -136.166748 0.000000 0.000000 0.000000 1.000000
0.835339 0.185084 0.517641 -2.948927 -0.450595 0.769930 0.451853 26.964615 -0.314917 -0.610697 0.726551 -143.952621 0.000000 0.000000 0.000000 1.000000
0.840685 0.191729 0.506448 -2.087214 -0.472581 0.716407 0.513252 21.914965 -0.264418 -0.670821 0.692880 -150.674332 0.000000 0.000000 0.000000 1.000000
0.857238 0.236553 0.457369 -1.024736 -0.470705 0.720104 0.509792 17.575436 -0.208760 -0.652298 0.728647 -156.139236 0.000000 0.000000 0.000000 1.000000
0.864889 0.217711 0.452293 -0.979991 -0.451923 0.729902 0.512844 14.798234 -0.218478 -0.647954 0.729673 -158.699524 0.000000 0.000000 0.000000 1.000000
0.894384 0.158108 0.418426 -0.286038 -0.403948 0.687247 0.603753 12.212433 -0.192104 -0.709009 0.678530 -162.418289 0.000000 0.000000 0.000000 1.000000
0.941996 0.126452 0.310892 0.927611 -0.323288 0.590701 0.739295 9.801901 -0.090159 -0.796920 0.597318 -167.360291 0.000000 0.000000 0.000000 1.000000
0.961352 0.092890 0.259179 1.275734 -0.270943 0.486420 0.830653 9.039384 -0.048911 -0.868773 0.492789 -169.629227 0.000000 0.000000 0.000000 1.000000
0.970718 0.089858 0.222783 1.178035 -0.240125 0.389378 0.889227 8.427113 -0.006842 -0.916684 0.399553 -171.689926 0.000000 0.000000 0.000000 1.000000
0.975632 0.108637 0.190630 1.011643 -0.214676 0.293084 0.931674 7.308734 0.045343 -0.949895 0.309264 -174.879517 0.000000 0.000000 0.000000 1.000000
0.978938 0.126578 0.160185 1.218420 -0.182113 0.186741 0.965382 6.477606 0.092283 -0.974221 0.205860 -178.324844 0.000000 0.000000 0.000000 1.000000
0.982943 0.126841 0.133174 1.611817 -0.142823 0.070255 0.987252 6.183746 0.115868 -0.989432 0.087173 -181.428299 0.000000 0.000000 0.000000 1.000000
0.988292 0.105207 0.110498 1.924270 -0.105491 -0.052047 0.993057 6.370718 0.110227 -0.993087 -0.040339 -184.004410 0.000000 0.000000 0.000000 1.000000
0.994359 0.074964 0.075043 2.089916 -0.061821 -0.165317 0.984301 7.045485 0.086193 -0.983387 -0.159750 -185.665756 0.000000 0.000000 0.000000 1.000000
0.998287 0.055119 0.019641 2.214000 -0.004919 -0.255428 0.966815 8.058256 0.058307 -0.965256 -0.254720 -186.745758 0.000000 0.000000 0.000000 1.000000
0.998042 0.046308 -0.042040 2.210478 0.054537 -0.315292 0.947426 9.086035 0.030619 -0.947864 -0.317201 -187.535812 0.000000 0.000000 0.000000 1.000000
0.995724 0.044364 -0.081033 1.975642 0.091494 -0.352247 0.931424 9.538769 0.012778 -0.934855 -0.354800 -188.208908 0.000000 0.000000 0.000000 1.000000
0.994954 0.050541 -0.086671 1.590727 0.099418 -0.380421 0.919454 9.371819 0.013499 -0.923431 -0.383526 -188.929855 0.000000 0.000000 0.000000 1.000000
0.994828 0.067604 -0.075811 1.050981 0.096759 -0.403633 0.909790 9.059338 0.030905 -0.912420 -0.408087 -189.581665 0.000000 0.000000 0.000000 1.000000
0.992506 0.091803 -0.080652 0.316162 0.111847 -0.416622 0.902173 9.204068 0.049221 -0.904432 -0.423768 -189.997955 0.000000 0.000000 0.000000 1.000000
0.988638 0.114061 -0.097900 -0.560161 0.137239 -0.419257 0.897435 9.858619 0.061317 -0.900674 -0.430147 -190.210220 0.000000 0.000000 0.000000 1.000000
0.984936 0.129586 -0.114491 -1.400901 0.158680 -0.414240 0.896228 10.614866 0.068712 -0.900895 -0.428563 -190.266312 0.000000 0.000000 0.000000 1.000000
0.983736 0.134285 -0.119293 -1.925201 0.164205 -0.403148 0.900282 11.024936 0.072802 -0.905229 -0.418641 -190.073959 0.000000 0.000000 0.000000 1.000000
0.981573 0.127290 -0.142522 -2.113147 0.180188 -0.368238 0.912104 10.866762 0.063620 -0.920977 -0.384388 -189.700775 0.000000 0.000000 0.000000 1.000000
0.981821 0.107625 -0.156347 -2.006527 0.183563 -0.328811 0.926384 10.544477 0.048293 -0.938243 -0.342590 -189.055786 0.000000 0.000000 0.000000 1.000000
0.986102 0.071057 -0.150177 -1.704963 0.164289 -0.282516 0.945089 10.120567 0.024728 -0.956627 -0.290264 -188.209518 0.000000 0.000000 0.000000 1.000000
0.993323 0.018951 -0.113797 -1.305823 0.115108 -0.228541 0.966705 9.645117 -0.007688 -0.973350 -0.229196 -187.421799 0.000000 0.000000 0.000000 1.000000
0.997424 -0.041540 -0.058477 -0.861865 0.050618 -0.169994 0.984144 9.238003 -0.050822 -0.984569 -0.167453 -186.898987 0.000000 0.000000 0.000000 1.000000
0.994495 -0.104762 0.002323 -0.331165 -0.014050 -0.111337 0.993683 9.005566 -0.103842 -0.988245 -0.112196 -186.641174 0.000000 0.000000 0.000000 1.000000
0.985870 -0.157590 0.056788 0.226320 -0.065215 -0.048825 0.996676 9.065533 -0.154294 -0.986297 -0.058413 -186.502380 0.000000 0.000000 0.000000 1.000000
0.975763 -0.191878 0.105209 0.786883 -0.103895 0.016926 0.994444 9.305984 -0.192593 -0.981273 -0.003420 -186.327148 0.000000 0.000000 0.000000 1.000000
0.967065 -0.208110 0.146546 1.243545 -0.132161 0.081495 0.987872 9.622459 -0.217529 -0.974704 0.051306 -186.057709 0.000000 0.000000 0.000000 1.000000
0.962222 -0.209657 0.173706 1.435086 -0.148597 0.130206 0.980288 9.947213 -0.228141 -0.969067 0.094133 -185.729034 0.000000 0.000000 0.000000 1.000000
0.961092 -0.203631 0.186644 1.415307 -0.153589 0.167665 0.973806 10.314441 -0.229591 -0.964584 0.129866 -185.388687 0.000000 0.000000 0.000000 1.000000
0.963494 -0.193350 0.185188 1.239022 -0.145625 0.201952 0.968509 10.738491 -0.224660 -0.960120 0.166423 -185.039459 0.000000 0.000000 0.000000 1.000000
0.968080 -0.180325 0.174079 0.974680 -0.127393 0.244126 0.961340 11.227576 -0.215851 -0.952830 0.213361 -184.663483 0.000000 0.000000 0.000000 1.000000
0.972139 -0.168959 0.162475 0.703906 -0.108638 0.289447 0.951009 11.694400 -0.207710 -0.942164 0.263027 -184.268173 0.000000 0.000000 0.000000 1.000000
0.974150 -0.162507 0.156917 0.508896 -0.095919 0.331346 0.938621 12.056247 -0.204526 -0.929409 0.307193 -183.890533 0.000000 0.000000 0.000000 1.000000
0.971536 -0.169638 0.165349 0.355152 -0.094810 0.361210 0.927652 12.276603 -0.217091 -0.916924 0.334845 -183.678986 0.000000 0.000000 0.000000 1.000000
0.966332 -0.184022 0.179829 0.205490 -0.097853 0.383554 0.918320 12.427052 -0.237965 -0.904999 0.352633 -183.505692 0.000000 0.000000 0.000000 1.000000
0.960876 -0.197989 0.193694 0.107472 -0.101006 0.400678 0.910635 12.538559 -0.257905 -0.894571 0.365003 -183.308167 0.000000 0.000000 0.000000 1.000000
0.958551 -0.203666 0.199250 0.107116 -0.100682 0.412077 0.905569 12.607598 -0.266540 -0.888095 0.374491 -183.156479 0.000000 0.000000 0.000000 1.000000
0.958598 -0.202822 0.199884 0.159046 -0.099931 0.417690 0.903077 12.636159 -0.266653 -0.885662 0.380129 -183.101547 0.000000 0.000000 0.000000 1.000000
0.959515 -0.197842 0.200471 0.228225 -0.102152 0.418852 0.902291 12.628265 -0.262479 -0.886240 0.381685 -183.109055 0.000000 0.000000 0.000000 1.000000
0.960084 -0.189986 0.205288 0.297279 -0.110509 0.416585 0.902355 12.586026 -0.256955 -0.889023 0.378961 -183.130219 0.000000 0.000000 0.000000 1.000000
0.960469 -0.181081 0.211445 0.380663 -0.120955 0.412655 0.902821 12.517990 -0.250737 -0.892707 0.374440 -183.150345 0.000000 0.000000 0.000000 1.000000
0.960696 -0.173926 0.216364 0.469417 -0.129966 0.406914 0.904173 12.432614 -0.245301 -0.896756 0.368316 -183.174454 0.000000 0.000000 0.000000 1.000000
0.960849 -0.171180 0.217867 0.553986 -0.134547 0.399116 0.906975 12.339961 -0.242210 -0.900780 0.360459 -183.217300 0.000000 0.000000 0.000000 1.000000
0.960902 -0.171376 0.217478 0.641432 -0.136555 0.389965 0.910648 12.248356 -0.240872 -0.904742 0.351317 -183.266907 0.000000 0.000000 0.000000 1.000000
0.961068 -0.171735 0.216461 0.741319 -0.138034 0.380238 0.914530 12.163188 -0.239363 -0.908805 0.341730 -183.315216 0.000000 0.000000 0.000000 1.000000
0.961524 -0.169965 0.215834 0.851029 -0.140496 0.370907 0.917981 12.092525 -0.236079 -0.912984 0.332756 -183.356415 0.000000 0.000000 0.000000 1.000000
0.961933 -0.167130 0.216222 0.938896 -0.143763 0.363405 0.920472 12.045430 -0.232415 -0.916518 0.325544 -183.385635 0.000000 0.000000 0.000000 1.000000
0.962249 -0.164035 0.217185 1.006896 -0.147169 0.357669 0.922179 12.021441 -0.228950 -0.919329 0.320026 -183.408279 0.000000 0.000000 0.000000 1.000000
0.962526 -0.160902 0.218298 1.057819 -0.150298 0.353522 0.923273 12.019449 -0.225730 -0.921484 0.316091 -183.425583 0.000000 0.000000 0.000000 1.000000
0.962836 -0.157895 0.219124 1.096284 -0.152743 0.350778 0.923918 12.035784 -0.222746 -0.923052 0.313624 -183.435242 0.000000 0.000000 0.000000 1.000000
0.963200 -0.155397 0.219310 1.122261 -0.154091 0.349291 0.924257 12.065359 -0.220230 -0.924039 0.312492 -183.438202 0.000000 0.000000 0.000000 1.000000
0.963631 -0.153780 0.218559 1.134781 -0.153989 0.348891 0.924425 12.103642 -0.218411 -0.924460 0.312522 -183.436646 0.000000 0.000000 0.000000 1.000000
0.964039 -0.152780 0.217458 1.134504 -0.153309 0.348671 0.924621 12.144471 -0.217085 -0.924709 0.312710 -183.431595 0.000000 0.000000 0.000000 1.000000
0.964398 -0.152160 0.216297 1.123724 -0.152493 0.348262 0.924911 12.183224 -0.216063 -0.924965 0.312659 -183.426453 0.000000 0.000000 0.000000 1.000000
0.964713 -0.151844 0.215112 1.104171 -0.151596 0.347674 0.925279 12.216347 -0.215287 -0.925239 0.312386 -183.421783 0.000000 0.000000 0.000000 1.000000
0.964988 -0.151753 0.213937 1.077667 -0.150674 0.346918 0.925713 12.240244 -0.214698 -0.925537 0.311907 -183.417999 0.000000 0.000000 0.000000 1.000000
0.965215 -0.151872 0.212827 1.045689 -0.149780 0.346016 0.926196 12.251380 -0.214305 -0.925855 0.311233 -183.413116 0.000000 0.000000 0.000000 1.000000
0.965397 -0.152125 0.211818 1.009983 -0.148970 0.344979 0.926713 12.246070 -0.214049 -0.926200 0.310380 -183.408203 0.000000 0.000000 0.000000 1.000000</float_array>
        <technique_common>
          <accessor source="#mixamorig_Hips-Matrix-animation-output-transform-array" count="101" stride="16">
            <param type="float4x4"/>
          </accessor>
        </technique_common>
      </source>
      <source id="mixamorig_Hips-Interpolations">
        <Name_array id="mixamorig_Hips-Interpolations-array" count="101">
 LINEAR LINEAR LINEAR LINEAR LINEAR LINEAR LINEAR LINEAR LINEAR LINEAR LINEAR
LINEAR LINEAR LINEAR LINEAR LINEAR LINEAR LINEAR LINEAR LINEAR LINEAR LINEAR LINEAR
LINEAR LINEAR LINEAR LINEAR LINEAR LINEAR LINEAR LINEAR LINEAR LINEAR LINEAR LINEAR
LINEAR LINEAR LINEAR LINEAR LINEAR LINEAR LINEAR LINEAR LINEAR LINEAR LINEAR LINEAR
LINEAR LINEAR LINEAR LINEAR LINEAR LINEAR LINEAR LINEAR LINEAR LINEAR LINEAR LINEAR
LINEAR LINEAR LINEAR LINEAR LINEAR LINEAR LINEAR LINEAR LINEAR LINEAR LINEAR LINEAR
LINEAR LINEAR LINEAR LINEAR LINEAR LINEAR LINEAR LINEAR LINEAR LINEAR LINEAR LINEAR
LINEAR LINEAR LINEAR LINEAR LINEAR LINEAR LINEAR LINEAR LINEAR LINEAR LINEAR LINEAR
LINEAR LINEAR LINEAR LINEAR LINEAR LINEAR</Name_array>
        <technique_common>
          <accessor source="#mixamorig_Hips-Interpolations-array" count="101">
            <param type="name"/>
          </accessor>
        </technique_common>
      </source>
      <sampler id="mixamorig_Hips-Matrix-animation-transform">
        <input semantic="INPUT" source="#mixamorig_Hips-Matrix-animation-input"/>
        <input semantic="OUTPUT" source="#mixamorig_Hips-Matrix-animation-output-transform"/>
        <input semantic="INTERPOLATION" source="#mixamorig_Hips-Interpolations"/>
      </sampler>
      <channel source="#mixamorig_Hips-Matrix-animation-transform" target="mixamorig_Hips/matrix"/>
    </animation>
    <animation id="mixamorig_Spine-anim" name="mixamorig_Spine">
      <source id="mixamorig_Spine-Matrix-animation-input">
        <float_array id="mixamorig_Spine-Matrix-animation-input-array" count="101">

0.000000 0.033333 0.066667 0.100000 0.133333 0.166667 0.200000 0.233333 0.266667 0.300000 0.333333 0.366667 0.400000 0.433333 0.466667 0.500000
0.533333 0.566667 0.600000 0.633333 0.666667 0.700000 0.733333 0.766667 0.800000 0.833333 0.866667 0.900000 0.933333 0.966667 1.000000 1.033333
1.066667 1.100000 1.133333 1.166667 1.200000 1.233333 1.266667 1.300000 1.333333 1.366667 1.400000 1.433333 1.466667 1.500000 1.533333 1.566667
1.600000 1.633333 1.666667 1.700000 1.733333 1.766667 1.800000 1.833333 1.866667 1.900000 1.933333 1.966667 2.000000 2.033333 2.066667 2.100000
2.133333 2.166667 2.200000 2.233333 2.266667 2.300000 2.333333 2.366667 2.400000 2.433333 2.466667 2.500000 2.533333 2.566667 2.600000 2.633333
2.666667 2.700000 2.733333 2.766667 2.800000 2.833333 2.866667 2.900000 2.933333 2.966667 3.000000 3.033333 3.066667 3.100000 3.133333 3.166667
3.200000 3.233333 3.266667 3.300000 3.333333</float_array>
        <technique_common>
          <accessor source="#mixamorig_Spine-Matrix-animation-input-array" count="101">
            <param name="TIME" type="float"/>
          </accessor>
        </technique_common>
      </source>
      <source id="mixamorig_Spine-Matrix-animation-output-transform">
        <float_array id="mixamorig_Spine-Matrix-animation-output-transform-array" count="1616">

0.999959 0.009061 -0.000035 0.000000 -0.009022 0.995271 -0.096717 9.923500 -0.000842 0.096714 0.995312 -1.227300 0.000000 0.000000 0.000000 1.000000
0.999959 0.009016 0.000081 0.000000 -0.008966 0.995235 -0.097097 9.923500 -0.000956 0.097093 0.995275 -1.227300 0.000000 0.000000 0.000000 1.000000
0.999958 0.009122 0.000626 0.000000 -0.009018 0.995209 -0.097353 9.923500 -0.001511 0.097343 0.995250 -1.227300 0.000000 0.000000 0.000000 1.000000
0.999955 0.009340 0.001359 0.000000 -0.009163 0.995205 -0.097377 9.923500 -0.002262 0.097360 0.995247 -1.227300 0.000000 0.000000 0.000000 1.000000
0.999951 0.009638 0.002034 0.000000 -0.009395 0.995234 -0.097062 9.923500 -0.002960 0.097038 0.995276 -1.227300 0.000000 0.000000 0.000000 1.000000
0.999947 0.010037 0.002403 0.000000 -0.009759 0.995305 -0.096299 9.923500 -0.003358 0.096270 0.995350 -1.227300 0.000000 0.000000 0.000000 1.000000
0.999942 0.010559 0.002218 0.000000 -0.010301 0.995426 -0.094980 9.923500 -0.003211 0.094951 0.995477 -1.227300 0.000000 0.000000 0.000000 1.000000
0.999933 0.011497 0.001022 0.000000 -0.011351 0.995543 -0.093619 9.923500 -0.002094 0.093601 0.995608 -1.227300 0.000000 0.000000 0.000000 1.000000
0.999912 0.013188 -0.001594 0.000000 -0.013279 0.995492 -0.093912 9.923500 0.000348 0.093925 0.995579 -1.227300 0.000000 0.000000 0.000000 1.000000
0.999865 0.015105 -0.006427 -0.000000 -0.015651 0.995281 -0.095760 9.923500 0.004950 0.095847 0.995384 -1.227300 0.000000 0.000000 0.000000 1.000000
0.999764 0.016349 -0.014274 0.000000 -0.017683 0.994936 -0.098946 9.923500 0.012584 0.099175 0.994990 -1.227300 0.000000 0.000000 0.000000 1.000000
0.999542 0.015897 -0.025735 0.000000 -0.018476 0.994480 -0.103283 9.923500 0.023951 0.103711 0.994319 -1.227300 0.000000 0.000000 0.000000 1.000000
0.999061 0.013007 -0.041335 0.000000 -0.017435 0.993929 -0.108630 9.923500 0.039672 0.109248 0.993223 -1.227300 0.000000 0.000000 0.000000 1.000000
0.998223 0.007752 -0.059089 0.000000 -0.014470 0.993360 -0.114134 9.923500 0.057811 0.114786 0.991707 -1.227300 0.000000 0.000000 0.000000 1.000000
0.997837 0.002370 -0.065695 0.000000 -0.010055 0.993092 -0.116908 9.923500 0.064965 0.117316 0.990968 -1.227300 0.000000 0.000000 0.000000 1.000000
0.998591 0.000219 -0.053070 -0.000000 -0.006415 0.993158 -0.116606 9.923500 0.052681 0.116782 0.991759 -1.227300 0.000000 0.000000 0.000000 1.000000
0.999564 -0.000502 -0.029513 0.000000 -0.002998 0.992958 -0.118432 9.923500 0.029364 0.118468 0.992524 -1.227300 0.000000 0.000000 0.000000 1.000000
0.999951 -0.008936 -0.004257 0.000000 0.008323 0.991866 -0.127010 9.923500 0.005357 0.126969 0.991892 -1.227300 0.000000 0.000000 0.000000 1.000000
0.999469 -0.023850 0.022214 -0.000000 0.026707 0.989968 -0.138748 9.923500 -0.018682 0.139268 0.990079 -1.227300 0.000000 0.000000 0.000000 1.000000
0.997902 -0.040585 0.050447 -0.000000 0.047738 0.987561 -0.149815 9.923500 -0.043739 0.151909 0.987426 -1.227300 0.000000 0.000000 0.000000 1.000000
0.995764 -0.047563 0.078683 0.000000 0.059647 0.985448 -0.159170 9.923500 -0.069968 0.163189 0.984111 -1.227300 0.000000 0.000000 0.000000 1.000000
0.994612 -0.042288 0.094654 -0.000000 0.058003 0.983739 -0.169982 9.923500 -0.085926 0.174556 0.980891 -1.227300 0.000000 0.000000 0.000000 1.000000
0.994867 -0.030443 0.096501 0.000000 0.046723 0.984123 -0.171229 9.923500 -0.089756 0.174859 0.980494 -1.227300 0.000000 0.000000 0.000000 1.000000
0.996188 -0.009494 0.086710 -0.000000 0.023494 0.986527 -0.161900 9.923500 -0.084005 0.163320 0.982990 -1.227300 0.000000 0.000000 0.000000 1.000000
0.997406 0.015142 0.070371 0.000000 -0.004277 0.988363 -0.152055 9.923500 -0.071855 0.151359 0.985864 -1.227300 0.000000 0.000000 0.000000 1.000000
0.998056 0.034861 0.051664 0.000000 -0.026853 0.988578 -0.148301 9.923500 -0.056244 0.146625 0.987592 -1.227300 0.000000 0.000000 0.000000 1.000000
0.998445 0.048772 0.027013 0.000000 -0.044028 0.986986 -0.154660 9.923500 -0.034204 0.153230 0.987598 -1.227300 0.000000 0.000000 0.000000 1.000000
0.998156 0.060686 0.001323 -0.000000 -0.059657 0.984785 -0.163218 9.923500 -0.011208 0.162838 0.986589 -1.227300 0.000000 0.000000 0.000000 1.000000
0.997558 0.067867 -0.016498 -0.000000 -0.069703 0.982372 -0.173457 9.923500 0.004435 0.174183 0.984703 -1.227300 0.000000 0.000000 0.000000 1.000000
0.997553 0.067757 -0.017236 0.000000 -0.069801 0.979247 -0.190272 9.923500 0.003986 0.191009 0.981580 -1.227300 0.000000 0.000000 0.000000 1.000000
0.998078 0.061009 -0.010901 0.000000 -0.061926 0.974683 -0.214843 9.923500 -0.002482 0.215105 0.976588 -1.227300 0.000000 0.000000 0.000000 1.000000
0.998783 0.048626 -0.008271 -0.000000 -0.049188 0.969443 -0.240334 9.923500 -0.003669 0.240448 0.970655 -1.227300 0.000000 0.000000 0.000000 1.000000
0.999307 0.036431 -0.007683 0.000000 -0.037168 0.963955 -0.263456 9.923500 -0.002192 0.263559 0.964641 -1.227300 0.000000 0.000000 0.000000 1.000000
0.999547 0.029719 0.004826 -0.000000 -0.027083 0.957514 -0.287112 9.923500 -0.013154 0.286851 0.957885 -1.227300 0.000000 0.000000 0.000000 1.000000
0.999144 0.033847 0.023769 0.000000 -0.025030 0.952352 -0.303973 9.923500 -0.032925 0.303118 0.952384 -1.227300 0.000000 0.000000 0.000000 1.000000
0.997655 0.054306 0.041668 0.000000 -0.039078 0.951664 -0.304646 9.923500 -0.056198 0.302303 0.951554 -1.227300 0.000000 0.000000 0.000000 1.000000
0.995517 0.080604 0.049489 -0.000000 -0.062462 0.953156 -0.295959 9.923500 -0.071026 0.291541 0.953918 -1.227300 0.000000 0.000000 0.000000 1.000000
0.994217 0.094151 0.051650 -0.000000 -0.074170 0.949861 -0.303747 9.923500 -0.077658 0.298160 0.951352 -1.227300 0.000000 0.000000 0.000000 1.000000
0.994608 0.088979 0.053262 0.000000 -0.065384 0.936724 -0.343909 9.923500 -0.080492 0.338572 0.937491 -1.227300 0.000000 0.000000 0.000000 1.000000
0.996469 0.068594 0.048416 -0.000000 -0.044510 0.920535 -0.388115 9.923500 -0.071191 0.384590 0.920338 -1.227300 0.000000 0.000000 0.000000 1.000000
0.998466 0.040063 0.038215 0.000000 -0.022209 0.922069 -0.386388 9.923500 -0.050717 0.384947 0.921544 -1.227300 0.000000 0.000000 0.000000 1.000000
0.999656 0.014726 0.021690 0.000000 -0.006366 0.938919 -0.344078 9.923500 -0.025433 0.343822 0.938690 -1.227300 0.000000 0.000000 0.000000 1.000000
0.999533 0.004175 -0.030279 -0.000000 -0.012702 0.957774 -0.287240 9.923500 0.027801 0.287490 0.957380 -1.227300 0.000000 0.000000 0.000000 1.000000
0.996819 -0.000018 -0.079703 0.000000 -0.020135 0.967506 -0.252043 9.923500 0.077117 0.252846 0.964428 -1.227300 0.000000 0.000000 0.000000 1.000000
0.995784 -0.006030 -0.091536 -0.000000 -0.016321 0.970271 -0.241469 9.923500 0.090270 0.241945 0.966082 -1.227300 0.000000 0.000000 0.000000 1.000000
0.995743 -0.002044 -0.092154 -0.000000 -0.018197 0.975722 -0.218255 9.923500 0.090363 0.219003 0.971531 -1.227300 0.000000 0.000000 0.000000 1.000000
0.997398 0.002689 -0.072036 0.000000 -0.017314 0.978987 -0.203187 9.923500 0.069976 0.203906 0.976486 -1.227300 0.000000 0.000000 0.000000 1.000000
0.998795 0.005061 -0.048821 0.000000 -0.014807 0.979400 -0.201388 9.923500 0.046796 0.201868 0.978294 -1.227300 0.000000 0.000000 0.000000 1.000000
0.999272 0.007577 -0.037378 0.000000 -0.015315 0.977298 -0.211316 9.923500 0.034929 0.211735 0.976703 -1.227300 0.000000 0.000000 0.000000 1.000000
0.999368 0.012859 -0.033138 0.000000 -0.019979 0.974275 -0.224474 9.923500 0.029400 0.224994 0.973916 -1.227300 0.000000 0.000000 0.000000 1.000000
0.999320 0.021220 -0.030154 0.000000 -0.027684 0.971974 -0.233453 9.923500 0.024355 0.234129 0.971900 -1.227300 0.000000 0.000000 0.000000 1.000000
0.999333 0.029888 -0.020962 -0.000000 -0.033875 0.973244 -0.227262 9.923500 0.013608 0.227820 0.973608 -1.227300 0.000000 0.000000 0.000000 1.000000
0.999397 0.033869 -0.007606 0.000000 -0.034711 0.976707 -0.211753 9.923500 0.000257 0.211890 0.977294 -1.227300 0.000000 0.000000 0.000000 1.000000
0.999391 0.034599 0.004450 0.000000 -0.033089 0.980616 -0.193125 9.923500 -0.011045 0.192860 0.981164 -1.227300 0.000000 0.000000 0.000000 1.000000
0.999381 0.033954 0.009246 0.000000 -0.031712 0.982847 -0.181675 9.923500 -0.015256 0.181269 0.983315 -1.227300 0.000000 0.000000 0.000000 1.000000
0.999425 0.033183 0.007016 0.000000 -0.031367 0.982991 -0.180953 9.923500 -0.012901 0.180628 0.983467 -1.227300 0.000000 0.000000 0.000000 1.000000
0.999397 0.034674 0.001731 -0.000000 -0.033745 0.981928 -0.186221 9.923500 -0.008156 0.186050 0.982506 -1.227300 0.000000 0.000000 0.000000 1.000000
0.999177 0.040443 -0.003121 0.000000 -0.040290 0.980616 -0.191753 9.923500 -0.004695 0.191720 0.981438 -1.227300 0.000000 0.000000 0.000000 1.000000
0.998835 0.047748 -0.006975 0.000000 -0.048191 0.979627 -0.194957 9.923500 -0.002475 0.195066 0.980787 -1.227300 0.000000 0.000000 0.000000 1.000000
0.998446 0.054646 -0.010916 0.000000 -0.055725 0.978437 -0.198886 9.923500 -0.000187 0.199186 0.979962 -1.227300 0.000000 0.000000 0.000000 1.000000
0.998146 0.058272 -0.017561 0.000000 -0.060644 0.976632 -0.206184 9.923500 0.005136 0.206867 0.978356 -1.227300 0.000000 0.000000 0.000000 1.000000
0.998007 0.057341 -0.026344 0.000000 -0.061668 0.974779 -0.214484 9.923500 0.013380 0.215681 0.976372 -1.227300 0.000000 0.000000 0.000000 1.000000
0.998087 0.050737 -0.035326 0.000000 -0.057360 0.973134 -0.222979 9.923500 0.023064 0.224579 0.974183 -1.227300 0.000000 0.000000 0.000000 1.000000
0.998390 0.039104 -0.041084 0.000000 -0.047590 0.971629 -0.231675 9.923500 0.030858 0.233257 0.971925 -1.227300 0.000000 0.000000 0.000000 1.000000
0.998819 0.027271 -0.040221 0.000000 -0.036155 0.970071 -0.240115 9.923500 0.032470 0.241286 0.969911 -1.227300 0.000000 0.000000 0.000000 1.000000
0.999197 0.019185 -0.035189 0.000000 -0.027294 0.968656 -0.246903 9.923500 0.029349 0.247665 0.968401 -1.227300 0.000000 0.000000 0.000000 1.000000
0.999480 0.014853 -0.028604 0.000000 -0.021563 0.967764 -0.250935 9.923500 0.023955 0.251421 0.967581 -1.227300 0.000000 0.000000 0.000000 1.000000
0.999695 0.012053 -0.021540 0.000000 -0.017082 0.967777 -0.251230 9.923500 0.017818 0.251521 0.967688 -1.227300 0.000000 0.000000 0.000000 1.000000
0.999892 0.006444 -0.013212 0.000000 -0.009506 0.969017 -0.246812 9.923500 0.011212 0.246911 0.968973 -1.227300 0.000000 0.000000 0.000000 1.000000
0.999984 0.000682 -0.005554 0.000000 -0.001980 0.971443 -0.237263 9.923500 0.005233 0.237270 0.971430 -1.227300 0.000000 0.000000 0.000000 1.000000
0.999994 -0.002118 -0.002822 0.000000 0.001412 0.973202 -0.229946 9.923500 0.003234 0.229941 0.973199 -1.227300 0.000000 0.000000 0.000000 1.000000
0.999989 -0.001616 -0.004332 0.000000 0.000598 0.974245 -0.225491 9.923500 0.004585 0.225486 0.974236 -1.227300 0.000000 0.000000 0.000000 1.000000
0.999958 0.002402 -0.008840 0.000000 -0.004307 0.974973 -0.222281 9.923500 0.008085 0.222309 0.974943 -1.227300 0.000000 0.000000 0.000000 1.000000
0.999869 0.009903 -0.012802 -0.000000 -0.012473 0.975515 -0.219580 9.923500 0.010314 0.219711 0.975511 -1.227300 0.000000 0.000000 0.000000 1.000000
0.999723 0.017219 -0.016045 0.000000 -0.020295 0.975916 -0.217201 9.923500 0.011918 0.217466 0.975995 -1.227300 0.000000 0.000000 0.000000 1.000000
0.999594 0.020837 -0.019439 0.000000 -0.024531 0.976337 -0.214858 9.923500 0.014502 0.215248 0.976452 -1.227300 0.000000 0.000000 0.000000 1.000000
0.999515 0.019171 -0.024531 -0.000000 -0.023945 0.976947 -0.212134 9.923500 0.019898 0.212619 0.976933 -1.227300 0.000000 0.000000 0.000000 1.000000
0.999459 0.015877 -0.028790 0.000000 -0.021541 0.977762 -0.208608 9.923500 0.024837 0.209116 0.977575 -1.227300 0.000000 0.000000 0.000000 1.000000
0.999487 0.011620 -0.029858 0.000000 -0.017476 0.978797 -0.204085 9.923500 0.026854 0.204502 0.978498 -1.227300 0.000000 0.000000 0.000000 1.000000
0.999620 0.008032 -0.026362 0.000000 -0.013105 0.980048 -0.198326 9.923500 0.024243 0.198596 0.979781 -1.227300 0.000000 0.000000 0.000000 1.000000
0.999728 0.006084 -0.022506 0.000000 -0.010295 0.981334 -0.192038 9.923500 0.020917 0.192217 0.981129 -1.227300 0.000000 0.000000 0.000000 1.000000
0.999793 0.004966 -0.019754 -0.000000 -0.008549 0.982575 -0.185670 9.923500 0.018487 0.185801 0.982414 -1.227300 0.000000 0.000000 0.000000 1.000000
0.999819 0.003882 -0.018645 0.000000 -0.007182 0.983579 -0.180338 9.923500 0.017638 0.180439 0.983428 -1.227300 0.000000 0.000000 0.000000 1.000000
0.999833 0.002779 -0.018077 0.000000 -0.005945 0.984096 -0.177538 9.923500 0.017296 0.177616 0.983948 -1.227300 0.000000 0.000000 0.000000 1.000000
0.999834 0.002078 -0.018085 0.000000 -0.005247 0.984198 -0.176995 9.923500 0.017431 0.177060 0.984046 -1.227300 0.000000 0.000000 0.000000 1.000000
0.999820 0.002300 -0.018838 0.000000 -0.005624 0.983947 -0.178373 9.923500 0.018125 0.178446 0.983783 -1.227300 0.000000 0.000000 0.000000 1.000000
0.999794 0.003264 -0.020015 0.000000 -0.006840 0.983396 -0.181344 9.923500 0.019090 0.181444 0.983216 -1.227300 0.000000 0.000000 0.000000 1.000000
0.999768 0.004477 -0.021091 0.000000 -0.008315 0.982591 -0.185595 9.923500 0.019893 0.185727 0.982400 -1.227300 0.000000 0.000000 0.000000 1.000000
0.999752 0.005489 -0.021592 0.000000 -0.009502 0.981659 -0.190407 9.923500 0.020151 0.190565 0.981468 -1.227300 0.000000 0.000000 0.000000 1.000000
0.999741 0.006124 -0.021940 -0.000000 -0.010262 0.980992 -0.193776 9.923500 0.020336 0.193950 0.980801 -1.227300 0.000000 0.000000 0.000000 1.000000
0.999730 0.006441 -0.022326 0.000000 -0.010688 0.980611 -0.195675 9.923500 0.020633 0.195861 0.980415 -1.227300 0.000000 0.000000 0.000000 1.000000
0.999721 0.006437 -0.022706 0.000000 -0.010772 0.980479 -0.196329 9.923500 0.020999 0.196519 0.980275 -1.227300 0.000000 0.000000 0.000000 1.000000
0.999717 0.006059 -0.023010 0.000000 -0.010453 0.980556 -0.195960 9.923500 0.021375 0.196145 0.980342 -1.227300 0.000000 0.000000 0.000000 1.000000
0.999713 0.005467 -0.023306 -0.000000 -0.009905 0.980796 -0.194787 9.923500 0.021794 0.194962 0.980569 -1.227300 0.000000 0.000000 0.000000 1.000000
0.999708 0.004827 -0.023664 -0.000000 -0.009306 0.981150 -0.193024 9.923500 0.022287 0.193188 0.980909 -1.227300 0.000000 0.000000 0.000000 1.000000
0.999702 0.004157 -0.024062 0.000000 -0.008676 0.981573 -0.190893 9.923500 0.022825 0.191045 0.981316 -1.227300 0.000000 0.000000 0.000000 1.000000
0.999695 0.003458 -0.024460 -0.000000 -0.008012 0.982019 -0.188612 9.923500 0.023368 0.188751 0.981747 -1.227300 0.000000 0.000000 0.000000 1.000000
0.999687 0.002760 -0.024846 0.000000 -0.007346 0.982446 -0.186405 9.923500 0.023895 0.186529 0.982159 -1.227300 0.000000 0.000000 0.000000 1.000000
0.999680 0.002095 -0.025204 0.000000 -0.006711 0.982811 -0.184491 9.923500 0.024384 0.184601 0.982511 -1.227300 0.000000 0.000000 0.000000 1.000000
0.999672 0.001551 -0.025553 0.000000 -0.006205 0.983077 -0.183089 9.923500 0.024837 0.183187 0.982764 -1.227300 0.000000 0.000000 0.000000 1.000000
0.999664 0.001159 -0.025880 0.000000 -0.005862 0.983203 -0.182419 9.923500 0.025234 0.182510 0.982880 -1.227300 0.000000 0.000000 0.000000 1.000000</float_array>
        <technique_common>
          <accessor source="#mixamorig_Spine-Matrix-animation-output-transform-array" count="101" stride="16">
            <param type="float4x4"/>
          </accessor>
        </technique_common>
      </source>
      <source id="mixamorig_Spine-Interpolations">
        <Name_array id="mixamorig_Spine-Interpolations-array" count="101">
 LINEAR LINEAR LINEAR LINEAR LINEAR LINEAR LINEAR LINEAR LINEAR LINEAR LINEAR
LINEAR LINEAR LINEAR LINEAR LINEAR LINEAR LINEAR LINEAR LINEAR LINEAR LINEAR LINEAR
LINEAR LINEAR LINEAR LINEAR LINEAR LINEAR LINEAR LINEAR LINEAR LINEAR LINEAR LINEAR
LINEAR LINEAR LINEAR LINEAR LINEAR LINEAR LINEAR LINEAR LINEAR LINEAR LINEAR LINEAR
LINEAR LINEAR LINEAR LINEAR LINEAR LINEAR LINEAR LINEAR LINEAR LINEAR LINEAR LINEAR
LINEAR LINEAR LINEAR LINEAR LINEAR LINEAR LINEAR LINEAR LINEAR LINEAR LINEAR LINEAR
LINEAR LINEAR LINEAR LINEAR LINEAR LINEAR LINEAR LINEAR LINEAR LINEAR LINEAR LINEAR
LINEAR LINEAR LINEAR LINEAR LINEAR LINEAR LINEAR LINEAR LINEAR LINEAR LINEAR LINEAR
LINEAR LINEAR LINEAR LINEAR LINEAR LINEAR</Name_array>
        <technique_common>
          <accessor source="#mixamorig_Spine-Interpolations-array" count="101">
            <param type="name"/>
          </accessor>
        </technique_common>
      </source>
      <sampler id="mixamorig_Spine-Matrix-animation-transform">
        <input semantic="INPUT" source="#mixamorig_Spine-Matrix-animation-input"/>
        <input semantic="OUTPUT" source="#mixamorig_Spine-Matrix-animation-output-transform"/>
        <input semantic="INTERPOLATION" source="#mixamorig_Spine-Interpolations"/>
      </sampler>
      <channel source="#mixamorig_Spine-Matrix-animation-transform" target="mixamorig_Spine/matrix"/>
    </animation>
    <animation id="mixamorig_Spine1-anim" name="mixamorig_Spine1">
      <source id="mixamorig_Spine1-Matrix-animation-input">
        <float_array id="mixamorig_Spine1-Matrix-animation-input-array" count="101">

0.000000 0.033333 0.066667 0.100000 0.133333 0.166667 0.200000 0.233333 0.266667 0.300000 0.333333 0.366667 0.400000 0.433333 0.466667 0.500000
0.533333 0.566667 0.600000 0.633333 0.666667 0.700000 0.733333 0.766667 0.800000 0.833333 0.866667 0.900000 0.933333 0.966667 1.000000 1.033333
1.066667 1.100000 1.133333 1.166667 1.200000 1.233333 1.266667 1.300000 1.333333 1.366667 1.400000 1.433333 1.466667 1.500000 1.533333 1.566667
1.600000 1.633333 1.666667 1.700000 1.733333 1.766667 1.800000 1.833333 1.866667 1.900000 1.933333 1.966667 2.000000 2.033333 2.066667 2.100000
2.133333 2.166667 2.200000 2.233333 2.266667 2.300000 2.333333 2.366667 2.400000 2.433333 2.466667 2.500000 2.533333 2.566667 2.600000 2.633333
2.666667 2.700000 2.733333 2.766667 2.800000 2.833333 2.866667 2.900000 2.933333 2.966667 3.000000 3.033333 3.066667 3.100000 3.133333 3.166667
3.200000 3.233333 3.266667 3.300000 3.333333</float_array>
        <technique_common>
          <accessor source="#mixamorig_Spine1-Matrix-animation-input-array" count="101">
            <param name="TIME" type="float"/>
          </accessor>
        </technique_common>
      </source>
      <source id="mixamorig_Spine1-Matrix-animation-output-transform">
        <float_array id="mixamorig_Spine1-Matrix-animation-output-transform-array" count="1616">

0.999918 0.012828 0.000170 -0.000100 -0.012555 0.981211 -0.192527 11.645400 -0.002636 0.192509 0.981292 -1.422300 0.000000 0.000000 0.000000 1.000000
0.999920 0.012641 0.000434 -0.000100 -0.012319 0.981067 -0.193277 11.645400 -0.002869 0.193256 0.981144 -1.422300 0.000000 0.000000 0.000000 1.000000
0.999917 0.012778 0.001540 -0.000100 -0.012238 0.980968 -0.193781 11.645400 -0.003987 0.193747 0.981044 -1.422300 0.000000 0.000000 0.000000 1.000000
0.999909 0.013127 0.003011 -0.000100 -0.012294 0.980958 -0.193829 11.645400 -0.005498 0.193774 0.981031 -1.422300 0.000000 0.000000 0.000000 1.000000
0.999898 0.013575 0.004374 -0.000100 -0.012474 0.981079 -0.193208 11.645400 -0.006914 0.193134 0.981148 -1.422300 0.000000 0.000000 0.000000 1.000000
0.999889 0.014006 0.005156 -0.000100 -0.012758 0.981370 -0.191703 11.645400 -0.007745 0.191615 0.981440 -1.422300 0.000000 0.000000 0.000000 1.000000
0.999886 0.014309 0.004885 -0.000100 -0.013127 0.981870 -0.189099 11.645400 -0.007502 0.189013 0.981946 -1.422300 0.000000 0.000000 0.000000 1.000000
